"log_date"	"app_name"	"user_id"
"2013-08-18"	"game-01"	71751
"2013-08-18"	"game-01"	893170
"2013-08-18"	"game-01"	329535
"2013-08-18"	"game-01"	359709
"2013-08-18"	"game-01"	923488
"2013-08-18"	"game-01"	537414
"2013-08-18"	"game-01"	413381
"2013-08-18"	"game-01"	721356
"2013-08-18"	"game-01"	776853
"2013-08-18"	"game-01"	525047
"2013-08-18"	"game-01"	113600
"2013-08-18"	"game-01"	200097
"2013-08-18"	"game-01"	155797
"2013-08-18"	"game-01"	796908
"2013-08-18"	"game-01"	776120
"2013-08-18"	"game-01"	476467
"2013-08-18"	"game-01"	799948
"2013-08-18"	"game-01"	957305
"2013-08-18"	"game-01"	378695
"2013-08-18"	"game-01"	692433
"2013-08-18"	"game-01"	853865
"2013-08-18"	"game-01"	321542
"2013-08-18"	"game-01"	424225
"2013-08-18"	"game-01"	483430
"2013-08-18"	"game-01"	999182
"2013-08-18"	"game-01"	246850
"2013-08-18"	"game-01"	107707
"2013-08-18"	"game-01"	771033
"2013-08-18"	"game-01"	438243
"2013-08-18"	"game-01"	611831
"2013-08-18"	"game-01"	696901
"2013-08-18"	"game-01"	998387
"2013-08-18"	"game-01"	162340
"2013-08-18"	"game-01"	856104
"2013-08-18"	"game-01"	708482
"2013-08-18"	"game-01"	527305
"2013-08-18"	"game-01"	793190
"2013-08-18"	"game-01"	911567
"2013-08-18"	"game-01"	348523
"2013-08-18"	"game-01"	452461
"2013-08-18"	"game-01"	687367
"2013-08-18"	"game-01"	431524
"2013-08-18"	"game-01"	984131
"2013-08-18"	"game-01"	679313
"2013-08-18"	"game-01"	284538
"2013-08-18"	"game-01"	128290
"2013-08-18"	"game-01"	658531
"2013-08-18"	"game-01"	705026
"2013-08-18"	"game-01"	75617
"2013-08-18"	"game-01"	224645
"2013-08-18"	"game-01"	921359
"2013-08-18"	"game-01"	769851
"2013-08-18"	"game-01"	272271
"2013-08-18"	"game-01"	710467
"2013-08-18"	"game-01"	497680
"2013-08-18"	"game-01"	671354
"2013-08-18"	"game-01"	905927
"2013-08-18"	"game-01"	163942
"2013-08-18"	"game-01"	29377
"2013-08-18"	"game-01"	713924
"2013-08-18"	"game-01"	88080
"2013-08-18"	"game-01"	746881
"2013-08-18"	"game-01"	366420
"2013-08-18"	"game-01"	737893
"2013-08-18"	"game-01"	695899
"2013-08-18"	"game-01"	343705
"2013-08-18"	"game-01"	382539
"2013-08-18"	"game-01"	385971
"2013-08-18"	"game-01"	813297
"2013-08-18"	"game-01"	219501
"2013-08-18"	"game-01"	515805
"2013-08-18"	"game-01"	827371
"2013-08-18"	"game-01"	487215
"2013-08-18"	"game-01"	125600
"2013-08-18"	"game-01"	762546
"2013-08-18"	"game-01"	678976
"2013-08-18"	"game-01"	654336
"2013-08-18"	"game-01"	397698
"2013-08-18"	"game-01"	699027
"2013-08-18"	"game-01"	599152
"2013-08-18"	"game-01"	153451
"2013-08-18"	"game-01"	160410
"2013-08-18"	"game-01"	89942
"2013-08-18"	"game-01"	209700
"2013-08-18"	"game-01"	275634
"2013-08-18"	"game-01"	229743
"2013-08-18"	"game-01"	698195
"2013-08-18"	"game-01"	69575
"2013-08-18"	"game-01"	445432
"2013-08-18"	"game-01"	436316
"2013-08-18"	"game-01"	946265
"2013-08-18"	"game-01"	209136
"2013-08-18"	"game-01"	777158
"2013-08-18"	"game-01"	56084
"2013-08-18"	"game-01"	252829
"2013-08-18"	"game-01"	263772
"2013-08-18"	"game-01"	981845
"2013-08-18"	"game-01"	848799
"2013-08-18"	"game-01"	229581
"2013-08-18"	"game-01"	827928
"2013-08-18"	"game-01"	619600
"2013-08-18"	"game-01"	853287
"2013-08-18"	"game-01"	31580
"2013-08-18"	"game-01"	499326
"2013-08-18"	"game-01"	133218
"2013-08-18"	"game-01"	41002
"2013-08-18"	"game-01"	134346
"2013-08-18"	"game-01"	858567
"2013-08-18"	"game-01"	255645
"2013-08-18"	"game-01"	751956
"2013-08-18"	"game-01"	92249
"2013-08-18"	"game-01"	327735
"2013-08-18"	"game-01"	678789
"2013-08-18"	"game-01"	265317
"2013-08-18"	"game-01"	831112
"2013-08-18"	"game-01"	793563
"2013-08-18"	"game-01"	821361
"2013-08-18"	"game-01"	92015
"2013-08-18"	"game-01"	592137
"2013-08-18"	"game-01"	516413
"2013-08-18"	"game-01"	868308
"2013-08-18"	"game-01"	74071
"2013-08-18"	"game-01"	759979
"2013-08-18"	"game-01"	620466
"2013-08-18"	"game-01"	513222
"2013-08-18"	"game-01"	509122
"2013-08-18"	"game-01"	251341
"2013-08-18"	"game-01"	513842
"2013-08-18"	"game-01"	604852
"2013-08-18"	"game-01"	565969
"2013-08-18"	"game-01"	190989
"2013-08-18"	"game-01"	368411
"2013-08-18"	"game-01"	509870
"2013-08-18"	"game-01"	187085
"2013-08-18"	"game-01"	784601
"2013-08-18"	"game-01"	183356
"2013-08-18"	"game-01"	792561
"2013-08-18"	"game-01"	322074
"2013-08-18"	"game-01"	493105
"2013-08-18"	"game-01"	833462
"2013-08-18"	"game-01"	245000
"2013-08-18"	"game-01"	287322
"2013-08-18"	"game-01"	424498
"2013-08-18"	"game-01"	93246
"2013-08-18"	"game-01"	166736
"2013-08-18"	"game-01"	322314
"2013-08-18"	"game-01"	918585
"2013-08-18"	"game-01"	606363
"2013-08-18"	"game-01"	974562
"2013-08-18"	"game-01"	564132
"2013-08-18"	"game-01"	628916
"2013-08-18"	"game-01"	345952
"2013-08-18"	"game-01"	933271
"2013-08-18"	"game-01"	344396
"2013-08-18"	"game-01"	368433
"2013-08-18"	"game-01"	514206
"2013-08-18"	"game-01"	801630
"2013-08-18"	"game-01"	759865
"2013-08-18"	"game-01"	696395
"2013-08-18"	"game-01"	833074
"2013-08-18"	"game-01"	854906
"2013-08-18"	"game-01"	636466
"2013-08-18"	"game-01"	668699
"2013-08-18"	"game-01"	125788
"2013-08-18"	"game-01"	145368
"2013-08-18"	"game-01"	245325
"2013-08-18"	"game-01"	335471
"2013-08-18"	"game-01"	464778
"2013-08-18"	"game-01"	351154
"2013-08-18"	"game-01"	413875
"2013-08-18"	"game-01"	685626
"2013-08-18"	"game-01"	332813
"2013-08-18"	"game-01"	213352
"2013-08-18"	"game-01"	299639
"2013-08-18"	"game-01"	94245
"2013-08-18"	"game-01"	821676
"2013-08-18"	"game-01"	297947
"2013-08-18"	"game-01"	995838
"2013-08-18"	"game-01"	593501
"2013-08-18"	"game-01"	316247
"2013-08-18"	"game-01"	345519
"2013-08-18"	"game-01"	115681
"2013-08-18"	"game-01"	413110
"2013-08-18"	"game-01"	773514
"2013-08-18"	"game-01"	845135
"2013-08-18"	"game-01"	745943
"2013-08-18"	"game-01"	435619
"2013-08-18"	"game-01"	489504
"2013-08-18"	"game-01"	485838
"2013-08-18"	"game-01"	553197
"2013-08-18"	"game-01"	161962
"2013-08-18"	"game-01"	784216
"2013-08-18"	"game-01"	696807
"2013-08-18"	"game-01"	593818
"2013-08-18"	"game-01"	622685
"2013-08-18"	"game-01"	531401
"2013-08-18"	"game-01"	586387
"2013-08-18"	"game-01"	824345
"2013-08-18"	"game-01"	485791
"2013-08-18"	"game-01"	668014
"2013-08-18"	"game-01"	482337
"2013-08-18"	"game-01"	431940
"2013-08-18"	"game-01"	308360
"2013-08-18"	"game-01"	40348
"2013-08-18"	"game-01"	220162
"2013-08-18"	"game-01"	22202
"2013-08-18"	"game-01"	652496
"2013-08-18"	"game-01"	347172
"2013-08-18"	"game-01"	804005
"2013-08-18"	"game-01"	270145
"2013-08-18"	"game-01"	34792
"2013-08-18"	"game-01"	431201
"2013-08-18"	"game-01"	525162
"2013-08-18"	"game-01"	537134
"2013-08-18"	"game-01"	808508
"2013-08-18"	"game-01"	246213
"2013-08-18"	"game-01"	182671
"2013-08-18"	"game-01"	828588
"2013-08-18"	"game-01"	100998
"2013-08-18"	"game-01"	994668
"2013-08-18"	"game-01"	7364
"2013-08-18"	"game-01"	184053
"2013-08-18"	"game-01"	593170
"2013-08-18"	"game-01"	769628
"2013-08-18"	"game-01"	959563
"2013-08-18"	"game-01"	485383
"2013-08-18"	"game-01"	509949
"2013-08-18"	"game-01"	671690
"2013-08-18"	"game-01"	791390
"2013-08-18"	"game-01"	60034
"2013-08-18"	"game-01"	284009
"2013-08-18"	"game-01"	390021
"2013-08-18"	"game-01"	518124
"2013-08-18"	"game-01"	302628
"2013-08-18"	"game-01"	321574
"2013-08-18"	"game-01"	821067
"2013-08-18"	"game-01"	856939
"2013-08-18"	"game-01"	4512
"2013-08-18"	"game-01"	278989
"2013-08-18"	"game-01"	747218
"2013-08-18"	"game-01"	689976
"2013-08-18"	"game-01"	169183
"2013-08-18"	"game-01"	320747
"2013-08-18"	"game-01"	128003
"2013-08-18"	"game-01"	184158
"2013-08-18"	"game-01"	599916
"2013-08-18"	"game-01"	752950
"2013-08-18"	"game-01"	467698
"2013-08-18"	"game-01"	395077
"2013-08-18"	"game-01"	417891
"2013-08-18"	"game-01"	938479
"2013-08-18"	"game-01"	731290
"2013-08-18"	"game-01"	840434
"2013-08-18"	"game-01"	657075
"2013-08-18"	"game-01"	532424
"2013-08-18"	"game-01"	906844
"2013-08-18"	"game-01"	94450
"2013-08-18"	"game-01"	855257
"2013-08-18"	"game-01"	17423
"2013-08-18"	"game-01"	713576
"2013-08-18"	"game-01"	239955
"2013-08-18"	"game-01"	899577
"2013-08-18"	"game-01"	12067
"2013-08-18"	"game-01"	132273
"2013-08-18"	"game-01"	437156
"2013-08-18"	"game-01"	748904
"2013-08-18"	"game-01"	890180
"2013-08-18"	"game-01"	908498
"2013-08-18"	"game-01"	407809
"2013-08-18"	"game-01"	544708
"2013-08-18"	"game-01"	356232
"2013-08-18"	"game-01"	70946
"2013-08-18"	"game-01"	586840
"2013-08-18"	"game-01"	120519
"2013-08-18"	"game-01"	869364
"2013-08-18"	"game-01"	343497
"2013-08-18"	"game-01"	393362
"2013-08-18"	"game-01"	869541
"2013-08-18"	"game-01"	927874
"2013-08-18"	"game-01"	80208
"2013-08-18"	"game-01"	764172
"2013-08-18"	"game-01"	488030
"2013-08-18"	"game-01"	645429
"2013-08-18"	"game-01"	214843
"2013-08-18"	"game-01"	730134
"2013-08-18"	"game-01"	282445
"2013-08-18"	"game-01"	731912
"2013-08-18"	"game-01"	11383
"2013-08-18"	"game-01"	895990
"2013-08-18"	"game-01"	170099
"2013-08-18"	"game-01"	75983
"2013-08-18"	"game-01"	695898
"2013-08-18"	"game-01"	66871
"2013-08-18"	"game-01"	83758
"2013-08-18"	"game-01"	579005
"2013-08-18"	"game-01"	659669
"2013-08-18"	"game-01"	105678
"2013-08-18"	"game-01"	855192
"2013-08-18"	"game-01"	972935
"2013-08-18"	"game-01"	213086
"2013-08-18"	"game-01"	845521
"2013-08-18"	"game-01"	328274
"2013-08-18"	"game-01"	606599
"2013-08-18"	"game-01"	2076
"2013-08-18"	"game-01"	393700
"2013-08-18"	"game-01"	121986
"2013-08-18"	"game-01"	91949
"2013-08-18"	"game-01"	521380
"2013-08-18"	"game-01"	197862
"2013-08-18"	"game-01"	687931
"2013-08-18"	"game-01"	711878
"2013-08-18"	"game-01"	939358
"2013-08-18"	"game-01"	238725
"2013-08-18"	"game-01"	784126
"2013-08-18"	"game-01"	873522
"2013-08-18"	"game-01"	487528
"2013-08-18"	"game-01"	832972
"2013-08-18"	"game-01"	752523
"2013-08-18"	"game-01"	841286
"2013-08-18"	"game-01"	213397
"2013-08-18"	"game-01"	846435
"2013-08-18"	"game-01"	258479
"2013-08-18"	"game-01"	249953
"2013-08-18"	"game-01"	900739
"2013-08-18"	"game-01"	30990
"2013-08-18"	"game-01"	563593
"2013-08-18"	"game-01"	999110
"2013-08-18"	"game-01"	999110
"2013-08-18"	"game-01"	556516
"2013-08-18"	"game-01"	541052
"2013-08-18"	"game-01"	818247
"2013-08-18"	"game-01"	73861
"2013-08-18"	"game-01"	150849
"2013-08-18"	"game-01"	925398
"2013-08-18"	"game-01"	464824
"2013-08-18"	"game-01"	505683
"2013-08-18"	"game-01"	378874
"2013-08-18"	"game-01"	17224
"2013-08-18"	"game-01"	683994
"2013-08-18"	"game-01"	74681
"2013-08-18"	"game-01"	48792
"2013-08-18"	"game-01"	656623
"2013-08-18"	"game-01"	543243
"2013-08-18"	"game-01"	831119
"2013-08-18"	"game-01"	985463
"2013-08-18"	"game-01"	143507
"2013-08-18"	"game-01"	700260
"2013-08-18"	"game-01"	742329
"2013-08-18"	"game-01"	632958
"2013-08-18"	"game-01"	222891
"2013-08-18"	"game-01"	666348
"2013-08-18"	"game-01"	800412
"2013-08-18"	"game-01"	436153
"2013-08-18"	"game-01"	692972
"2013-08-18"	"game-01"	561822
"2013-08-18"	"game-01"	50551
"2013-08-18"	"game-01"	97785
"2013-08-18"	"game-01"	64035
"2013-08-18"	"game-01"	692391
"2013-08-18"	"game-01"	334000
"2013-08-18"	"game-01"	137718
"2013-08-18"	"game-01"	250380
"2013-08-18"	"game-01"	730755
"2013-08-18"	"game-01"	808059
"2013-08-18"	"game-01"	506208
"2013-08-18"	"game-01"	388955
"2013-08-18"	"game-01"	173670
"2013-08-18"	"game-01"	367506
"2013-08-18"	"game-01"	880154
"2013-08-18"	"game-01"	823025
"2013-08-18"	"game-01"	760851
"2013-08-18"	"game-01"	455824
"2013-08-18"	"game-01"	256806
"2013-08-18"	"game-01"	744810
"2013-08-18"	"game-01"	663862
"2013-08-18"	"game-01"	623107
"2013-08-18"	"game-01"	660404
"2013-08-18"	"game-01"	853948
"2013-08-18"	"game-01"	886479
"2013-08-18"	"game-01"	440321
"2013-08-18"	"game-01"	946011
"2013-08-18"	"game-01"	217843
"2013-08-18"	"game-01"	739219
"2013-08-18"	"game-01"	850720
"2013-08-18"	"game-01"	670467
"2013-08-18"	"game-01"	555895
"2013-08-18"	"game-01"	747389
"2013-08-18"	"game-01"	496556
"2013-08-18"	"game-01"	647031
"2013-08-18"	"game-01"	473727
"2013-08-18"	"game-01"	545868
"2013-08-18"	"game-01"	841926
"2013-08-18"	"game-01"	760760
"2013-08-18"	"game-01"	257916
"2013-08-18"	"game-01"	817191
"2013-08-18"	"game-01"	768586
"2013-08-18"	"game-01"	27295
"2013-08-18"	"game-01"	618496
"2013-08-18"	"game-01"	594810
"2013-08-18"	"game-01"	810562
"2013-08-18"	"game-01"	692383
"2013-08-18"	"game-01"	219392
"2013-08-18"	"game-01"	555026
"2013-08-18"	"game-01"	853103
"2013-08-18"	"game-01"	62903
"2013-08-18"	"game-01"	206248
"2013-08-18"	"game-01"	555101
"2013-08-18"	"game-01"	984363
"2013-08-18"	"game-01"	786978
"2013-08-18"	"game-01"	955213
"2013-08-18"	"game-01"	11532
"2013-08-18"	"game-01"	750773
"2013-08-18"	"game-01"	110028
"2013-08-18"	"game-01"	883474
"2013-08-18"	"game-01"	641058
"2013-08-18"	"game-01"	346528
"2013-08-18"	"game-01"	260344
"2013-08-18"	"game-01"	624654
"2013-08-18"	"game-01"	713557
"2013-08-18"	"game-01"	49923
"2013-08-18"	"game-01"	811980
"2013-08-18"	"game-01"	757576
"2013-08-18"	"game-01"	343357
"2013-08-18"	"game-01"	314117
"2013-08-18"	"game-01"	24376
"2013-08-18"	"game-01"	459717
"2013-08-18"	"game-01"	841116
"2013-08-18"	"game-01"	256010
"2013-08-18"	"game-01"	156429
"2013-08-18"	"game-01"	471247
"2013-08-18"	"game-01"	454670
"2013-08-18"	"game-01"	552806
"2013-08-18"	"game-01"	241663
"2013-08-18"	"game-01"	320165
"2013-08-18"	"game-01"	98766
"2013-08-18"	"game-01"	18886
"2013-08-18"	"game-01"	685723
"2013-08-18"	"game-01"	22672
"2013-08-18"	"game-01"	72699
"2013-08-18"	"game-01"	887549
"2013-08-18"	"game-01"	878121
"2013-08-18"	"game-01"	896457
"2013-08-18"	"game-01"	15579
"2013-08-18"	"game-01"	378121
"2013-08-18"	"game-01"	144019
"2013-08-18"	"game-01"	217864
"2013-08-18"	"game-01"	87637
"2013-08-18"	"game-01"	896280
"2013-08-18"	"game-01"	492588
"2013-08-18"	"game-01"	176626
"2013-08-18"	"game-01"	404308
"2013-08-18"	"game-01"	570537
"2013-08-18"	"game-01"	808695
"2013-08-18"	"game-01"	301732
"2013-08-18"	"game-01"	639539
"2013-08-18"	"game-01"	755045
"2013-08-18"	"game-01"	481075
"2013-08-18"	"game-01"	685379
"2013-08-18"	"game-01"	591526
"2013-08-18"	"game-01"	365075
"2013-08-18"	"game-01"	385042
"2013-08-18"	"game-01"	871098
"2013-08-18"	"game-01"	484271
"2013-08-18"	"game-01"	17957
"2013-08-18"	"game-01"	503584
"2013-08-18"	"game-01"	827515
"2013-08-18"	"game-01"	865082
"2013-08-18"	"game-01"	808945
"2013-08-18"	"game-01"	345349
"2013-08-18"	"game-01"	212850
"2013-08-18"	"game-01"	560951
"2013-08-18"	"game-01"	596056
"2013-08-18"	"game-01"	85986
"2013-08-18"	"game-01"	651891
"2013-08-18"	"game-01"	177396
"2013-08-18"	"game-01"	530552
"2013-08-18"	"game-01"	102279
"2013-08-18"	"game-01"	914273
"2013-08-18"	"game-01"	298576
"2013-08-18"	"game-01"	680050
"2013-08-18"	"game-01"	344368
"2013-08-18"	"game-01"	208249
"2013-08-18"	"game-01"	474997
"2013-08-18"	"game-01"	376265
"2013-08-18"	"game-01"	273156
"2013-08-18"	"game-01"	274452
"2013-08-18"	"game-01"	629990
"2013-08-18"	"game-01"	595857
"2013-08-18"	"game-01"	207230
"2013-08-18"	"game-01"	355506
"2013-08-18"	"game-01"	31832
"2013-08-18"	"game-01"	224394
"2013-08-18"	"game-01"	14081
"2013-08-18"	"game-01"	726667
"2013-08-18"	"game-01"	778879
"2013-08-18"	"game-01"	626576
"2013-08-18"	"game-01"	415818
"2013-08-18"	"game-01"	175142
"2013-08-18"	"game-01"	892131
"2013-08-18"	"game-01"	344056
"2013-08-18"	"game-01"	746772
"2013-08-18"	"game-01"	531111
"2013-08-18"	"game-01"	777731
"2013-08-18"	"game-01"	316723
"2013-08-18"	"game-01"	550945
"2013-08-18"	"game-01"	301072
"2013-08-18"	"game-01"	763699
"2013-08-18"	"game-01"	283380
"2013-08-18"	"game-01"	841151
"2013-08-18"	"game-01"	497175
"2013-08-18"	"game-01"	533350
"2013-08-18"	"game-01"	171027
"2013-08-18"	"game-01"	801242
"2013-08-18"	"game-01"	92569
"2013-08-18"	"game-01"	869419
"2013-08-18"	"game-01"	181908
"2013-08-18"	"game-01"	264332
"2013-08-18"	"game-01"	712723
"2013-08-18"	"game-01"	231140
"2013-08-18"	"game-01"	534953
"2013-08-18"	"game-01"	714438
"2013-08-18"	"game-01"	602221
"2013-08-18"	"game-01"	599469
"2013-08-18"	"game-01"	30524
"2013-08-18"	"game-01"	471377
"2013-08-18"	"game-01"	65523
"2013-08-18"	"game-01"	504481
"2013-08-18"	"game-01"	418537
"2013-08-18"	"game-01"	473201
"2013-08-18"	"game-01"	439452
"2013-08-18"	"game-01"	936368
"2013-08-18"	"game-01"	269936
"2013-08-18"	"game-01"	391144
"2013-08-18"	"game-01"	140679
"2013-08-18"	"game-01"	845352
"2013-08-18"	"game-01"	289189
"2013-08-18"	"game-01"	231640
"2013-08-18"	"game-01"	160768
"2013-08-18"	"game-01"	926022
"2013-08-18"	"game-01"	535013
"2013-08-18"	"game-01"	80041
"2013-08-18"	"game-01"	127528
"2013-08-18"	"game-01"	635684
"2013-08-18"	"game-01"	216088
"2013-08-18"	"game-01"	110684
"2013-08-18"	"game-01"	485152
"2013-08-18"	"game-01"	562587
"2013-08-18"	"game-01"	160699
"2013-08-18"	"game-01"	328533
"2013-08-18"	"game-01"	460904
"2013-08-18"	"game-01"	533878
"2013-08-18"	"game-01"	208987
"2013-08-18"	"game-01"	601450
"2013-08-18"	"game-01"	478996
"2013-08-18"	"game-01"	858236
"2013-08-18"	"game-01"	483631
"2013-08-18"	"game-01"	477047
"2013-08-18"	"game-01"	482963
"2013-08-18"	"game-01"	514848
"2013-08-18"	"game-01"	814817
"2013-08-18"	"game-01"	761819
"2013-08-18"	"game-01"	50175
"2013-08-18"	"game-01"	204678
"2013-08-18"	"game-01"	514767
"2013-08-18"	"game-01"	974280
"2013-08-18"	"game-01"	866628
"2013-08-18"	"game-01"	900864
"2013-08-18"	"game-01"	260527
"2013-08-18"	"game-01"	42446
"2013-08-18"	"game-01"	849128
"2013-08-18"	"game-01"	183889
"2013-08-18"	"game-01"	201621
"2013-08-18"	"game-01"	309681
"2013-08-18"	"game-01"	228557
"2013-08-18"	"game-01"	137963
"2013-08-18"	"game-01"	307436
"2013-08-18"	"game-01"	363488
"2013-08-18"	"game-01"	379455
"2013-08-18"	"game-01"	727767
"2013-08-18"	"game-01"	696173
"2013-08-18"	"game-01"	299811
"2013-08-18"	"game-01"	93664
"2013-08-18"	"game-01"	598746
"2013-08-18"	"game-01"	932452
"2013-08-18"	"game-01"	103939
"2013-08-18"	"game-01"	447949
"2013-08-18"	"game-01"	79763
"2013-08-18"	"game-01"	645860
"2013-08-18"	"game-01"	921809
"2013-08-18"	"game-01"	686131
"2013-08-18"	"game-01"	470346
"2013-08-18"	"game-01"	485144
"2013-08-18"	"game-01"	574546
"2013-08-18"	"game-01"	112551
"2013-08-18"	"game-01"	338228
"2013-08-18"	"game-01"	507389
"2013-08-18"	"game-01"	655642
"2013-08-18"	"game-01"	677699
"2013-08-18"	"game-01"	812858
"2013-08-18"	"game-01"	544042
"2013-08-18"	"game-01"	191892
"2013-08-18"	"game-01"	46326
"2013-08-18"	"game-01"	141780
"2013-08-18"	"game-01"	660000
"2013-08-18"	"game-01"	301412
"2013-08-18"	"game-01"	924892
"2013-08-18"	"game-01"	623407
"2013-08-18"	"game-01"	603365
"2013-08-18"	"game-01"	555461
"2013-08-18"	"game-01"	475172
"2013-08-18"	"game-01"	389019
"2013-08-18"	"game-01"	854686
"2013-08-18"	"game-01"	463149
"2013-08-18"	"game-01"	18640
"2013-08-18"	"game-01"	988523
"2013-08-18"	"game-01"	289792
"2013-08-18"	"game-01"	506657
"2013-08-18"	"game-01"	404644
"2013-08-18"	"game-01"	777169
"2013-08-18"	"game-01"	860024
"2013-08-18"	"game-01"	33350
"2013-08-18"	"game-01"	715892
"2013-08-18"	"game-01"	404641
"2013-08-18"	"game-01"	711882
"2013-08-18"	"game-01"	89530
"2013-08-18"	"game-01"	97115
"2013-08-18"	"game-01"	864264
"2013-08-18"	"game-01"	340034
"2013-08-18"	"game-01"	523382
"2013-08-18"	"game-01"	88396
"2013-08-18"	"game-01"	351826
"2013-08-18"	"game-01"	89469
"2013-08-18"	"game-01"	73114
"2013-08-18"	"game-01"	21902
"2013-08-18"	"game-01"	355773
"2013-08-18"	"game-01"	602886
"2013-08-18"	"game-01"	872119
"2013-08-18"	"game-01"	270066
"2013-08-18"	"game-01"	680648
"2013-08-18"	"game-01"	896015
"2013-08-18"	"game-01"	952335
"2013-08-18"	"game-01"	509205
"2013-08-18"	"game-01"	328202
"2013-08-18"	"game-01"	26363
"2013-08-18"	"game-01"	124874
"2013-08-18"	"game-01"	777531
"2013-08-18"	"game-01"	110215
"2013-08-18"	"game-01"	89071
"2013-08-18"	"game-01"	875556
"2013-08-18"	"game-01"	75687
"2013-08-18"	"game-01"	827986
"2013-08-18"	"game-01"	70879
"2013-08-18"	"game-01"	963734
"2013-08-18"	"game-01"	28708
"2013-08-18"	"game-01"	392291
"2013-08-18"	"game-01"	854050
"2013-08-18"	"game-01"	995887
"2013-08-18"	"game-01"	45998
"2013-08-18"	"game-01"	976014
"2013-08-18"	"game-01"	488697
"2013-08-18"	"game-01"	801274
"2013-08-18"	"game-01"	156248
"2013-08-18"	"game-01"	555842
"2013-08-18"	"game-01"	713581
"2013-08-18"	"game-01"	624651
"2013-08-18"	"game-01"	295988
"2013-08-18"	"game-01"	861211
"2013-08-18"	"game-01"	264803
"2013-08-18"	"game-01"	759797
"2013-08-18"	"game-01"	289491
"2013-08-18"	"game-01"	539005
"2013-08-18"	"game-01"	106822
"2013-08-18"	"game-01"	50903
"2013-08-18"	"game-01"	864087
"2013-08-18"	"game-01"	282905
"2013-08-18"	"game-01"	306496
"2013-08-18"	"game-01"	373716
"2013-08-18"	"game-01"	212992
"2013-08-18"	"game-01"	198400
"2013-08-18"	"game-01"	78464
"2013-08-18"	"game-01"	569536
"2013-08-18"	"game-01"	745868
"2013-08-18"	"game-01"	405358
"2013-08-18"	"game-01"	51439
"2013-08-18"	"game-01"	584542
"2013-08-18"	"game-01"	375481
"2013-08-18"	"game-01"	244173
"2013-08-18"	"game-01"	134491
"2013-08-18"	"game-01"	440475
"2013-08-18"	"game-01"	780827
"2013-08-18"	"game-01"	430627
"2013-08-18"	"game-01"	79900
"2013-08-18"	"game-01"	51687
"2013-08-18"	"game-01"	669552
"2013-08-18"	"game-01"	663816
"2013-08-18"	"game-01"	377104
"2013-08-18"	"game-01"	601302
"2013-08-18"	"game-01"	699318
"2013-08-18"	"game-01"	479496
"2013-08-18"	"game-01"	513836
"2013-08-18"	"game-01"	222491
"2013-08-18"	"game-01"	982151
"2013-08-18"	"game-01"	709985
"2013-08-18"	"game-01"	312131
"2013-08-18"	"game-01"	381569
"2013-08-18"	"game-01"	320940
"2013-08-18"	"game-01"	319403
"2013-08-18"	"game-01"	554394
"2013-08-18"	"game-01"	427456
"2013-08-18"	"game-01"	653972
"2013-08-18"	"game-01"	106777
"2013-08-18"	"game-01"	249597
"2013-08-18"	"game-01"	292042
"2013-08-18"	"game-01"	853549
"2013-08-18"	"game-01"	427108
"2013-08-18"	"game-01"	846787
"2013-08-18"	"game-01"	492875
"2013-08-18"	"game-01"	395977
"2013-08-18"	"game-01"	737458
"2013-08-18"	"game-01"	711765
"2013-08-18"	"game-01"	809735
"2013-08-18"	"game-01"	617415
"2013-08-18"	"game-01"	664796
"2013-08-18"	"game-01"	846205
"2013-08-18"	"game-01"	825292
"2013-08-18"	"game-01"	301137
"2013-08-18"	"game-01"	262996
"2013-08-18"	"game-01"	895899
"2013-08-18"	"game-01"	868899
"2013-08-18"	"game-01"	900275
"2013-08-18"	"game-01"	530236
"2013-08-18"	"game-01"	665814
"2013-08-18"	"game-01"	678017
"2013-08-18"	"game-01"	68796
"2013-08-18"	"game-01"	322349
"2013-08-18"	"game-01"	370359
"2013-08-18"	"game-01"	742677
"2013-08-18"	"game-01"	981028
"2013-08-18"	"game-01"	951022
"2013-08-18"	"game-01"	496794
"2013-08-18"	"game-01"	588345
"2013-08-18"	"game-01"	999324
"2013-08-18"	"game-01"	311861
"2013-08-18"	"game-01"	286418
"2013-08-18"	"game-01"	913147
"2013-08-18"	"game-01"	414014
"2013-08-18"	"game-01"	43821
"2013-08-18"	"game-01"	855407
"2013-08-18"	"game-01"	529607
"2013-08-18"	"game-01"	491333
"2013-08-18"	"game-01"	326488
"2013-08-18"	"game-01"	784949
"2013-08-18"	"game-01"	864371
"2013-08-18"	"game-01"	463592
"2013-08-18"	"game-01"	78525
"2013-08-18"	"game-01"	68048
"2013-08-18"	"game-01"	105667
"2013-08-18"	"game-01"	951004
"2013-08-18"	"game-01"	889217
"2013-08-18"	"game-01"	101071
"2013-08-18"	"game-01"	823545
"2013-08-18"	"game-01"	351259
"2013-08-18"	"game-01"	648556
"2013-08-18"	"game-01"	686742
"2013-08-18"	"game-01"	645257
"2013-08-18"	"game-01"	583202
"2013-08-18"	"game-01"	661084
"2013-08-18"	"game-01"	345780
"2013-08-18"	"game-01"	98621
"2013-08-18"	"game-01"	447747
"2013-08-18"	"game-01"	678149
"2013-08-18"	"game-01"	787742
"2013-08-18"	"game-01"	92342
"2013-08-18"	"game-01"	902520
"2013-08-18"	"game-01"	709076
"2013-08-18"	"game-01"	263142
"2013-08-18"	"game-01"	263142
"2013-08-18"	"game-01"	315944
"2013-08-18"	"game-01"	4718
"2013-08-18"	"game-01"	882364
"2013-08-18"	"game-01"	129110
"2013-08-18"	"game-01"	622854
"2013-08-18"	"game-01"	50129
"2013-08-18"	"game-01"	817358
"2013-08-18"	"game-01"	330453
"2013-08-18"	"game-01"	32398
"2013-08-18"	"game-01"	758987
"2013-08-18"	"game-01"	561849
"2013-08-18"	"game-01"	137301
"2013-08-18"	"game-01"	819151
"2013-08-18"	"game-01"	369840
"2013-08-18"	"game-01"	572766
"2013-08-18"	"game-01"	174006
"2013-08-18"	"game-01"	769174
"2013-08-18"	"game-01"	136906
"2013-08-18"	"game-01"	769542
"2013-08-18"	"game-01"	463091
"2013-08-18"	"game-01"	120417
"2013-08-18"	"game-01"	998383
"2013-08-18"	"game-01"	978426
"2013-08-18"	"game-01"	574806
"2013-08-18"	"game-01"	341939
"2013-08-18"	"game-01"	959275
"2013-08-18"	"game-01"	780696
"2013-08-18"	"game-01"	930900
"2013-08-18"	"game-01"	176672
"2013-08-18"	"game-01"	270767
"2013-08-18"	"game-01"	162751
"2013-08-18"	"game-01"	399859
"2013-08-18"	"game-01"	947131
"2013-08-18"	"game-01"	2421
"2013-08-18"	"game-01"	745353
"2013-08-18"	"game-01"	785526
"2013-08-18"	"game-01"	417560
"2013-08-18"	"game-01"	477935
"2013-08-18"	"game-01"	532757
"2013-08-18"	"game-01"	415940
"2013-08-18"	"game-01"	205632
"2013-08-18"	"game-01"	37707
"2013-08-18"	"game-01"	905037
"2013-08-18"	"game-01"	547768
"2013-08-18"	"game-01"	80725
"2013-08-18"	"game-01"	376957
"2013-08-18"	"game-01"	196570
"2013-08-18"	"game-01"	642652
"2013-08-18"	"game-01"	843532
"2013-08-18"	"game-01"	469222
"2013-08-18"	"game-01"	548302
"2013-08-18"	"game-01"	882588
"2013-08-18"	"game-01"	639240
"2013-08-18"	"game-01"	685729
"2013-08-18"	"game-01"	10701
"2013-08-18"	"game-01"	482465
"2013-08-18"	"game-01"	265640
"2013-08-18"	"game-01"	70208
"2013-08-18"	"game-01"	323448
"2013-08-18"	"game-01"	393250
"2013-08-18"	"game-01"	90763
"2013-08-18"	"game-01"	274351
"2013-08-18"	"game-01"	165912
"2013-08-18"	"game-01"	923467
"2013-08-18"	"game-01"	107955
"2013-08-18"	"game-01"	570270
"2013-08-18"	"game-01"	523822
"2013-08-18"	"game-01"	179870
"2013-08-18"	"game-01"	592134
"2013-08-18"	"game-01"	275152
"2013-08-18"	"game-01"	353636
"2013-08-18"	"game-01"	922505
"2013-08-18"	"game-01"	244320
"2013-08-18"	"game-01"	867647
"2013-08-18"	"game-01"	192300
"2013-08-18"	"game-01"	597215
"2013-08-18"	"game-01"	537585
"2013-08-18"	"game-01"	341620
"2013-08-18"	"game-01"	912969
"2013-08-18"	"game-01"	229396
"2013-08-18"	"game-01"	807553
"2013-08-18"	"game-01"	863549
"2013-08-18"	"game-01"	23186
"2013-08-18"	"game-01"	1770
"2013-08-18"	"game-01"	159913
"2013-08-18"	"game-01"	398234
"2013-08-18"	"game-01"	743804
"2013-08-18"	"game-01"	437253
"2013-08-18"	"game-01"	711487
"2013-08-18"	"game-01"	680411
"2013-08-18"	"game-01"	575827
"2013-08-18"	"game-01"	124498
"2013-08-18"	"game-01"	211316
"2013-08-18"	"game-01"	357367
"2013-08-18"	"game-01"	164556
"2013-08-18"	"game-01"	351832
"2013-08-18"	"game-01"	430129
"2013-08-18"	"game-01"	546087
"2013-08-18"	"game-01"	789236
"2013-08-18"	"game-01"	833376
"2013-08-18"	"game-01"	784289
"2013-08-18"	"game-01"	844
"2013-08-18"	"game-01"	388173
"2013-08-18"	"game-01"	219330
"2013-08-18"	"game-01"	100605
"2013-08-18"	"game-01"	58066
"2013-08-18"	"game-01"	350641
"2013-08-18"	"game-01"	974981
"2013-08-18"	"game-01"	944088
"2013-08-18"	"game-01"	882217
"2013-08-18"	"game-01"	278695
"2013-08-18"	"game-01"	199182
"2013-08-18"	"game-01"	278319
"2013-08-18"	"game-01"	906535
"2013-08-18"	"game-01"	751898
"2013-08-18"	"game-01"	773613
"2013-08-18"	"game-01"	543194
"2013-08-18"	"game-01"	901163
"2013-08-18"	"game-01"	460229
"2013-08-18"	"game-01"	85992
"2013-08-18"	"game-01"	489042
"2013-08-18"	"game-01"	141438
"2013-08-18"	"game-01"	218585
"2013-08-18"	"game-01"	223651
"2013-08-18"	"game-01"	127468
"2013-08-18"	"game-01"	113650
"2013-08-18"	"game-01"	732151
"2013-08-18"	"game-01"	260681
"2013-08-18"	"game-01"	784603
"2013-08-18"	"game-01"	815031
"2013-08-18"	"game-01"	383272
"2013-08-18"	"game-01"	628519
"2013-08-18"	"game-01"	672135
"2013-08-18"	"game-01"	892109
"2013-08-18"	"game-01"	20940
"2013-08-18"	"game-01"	606901
"2013-08-18"	"game-01"	560058
"2013-08-18"	"game-01"	603189
"2013-08-18"	"game-01"	232639
"2013-08-18"	"game-01"	198637
"2013-08-18"	"game-01"	824008
"2013-08-18"	"game-01"	847810
"2013-08-18"	"game-01"	168637
"2013-08-18"	"game-01"	564498
"2013-08-18"	"game-01"	476284
"2013-08-18"	"game-01"	290823
"2013-08-18"	"game-01"	853098
"2013-08-18"	"game-01"	736245
"2013-08-18"	"game-01"	363893
"2013-08-18"	"game-01"	94069
"2013-08-18"	"game-01"	511118
"2013-08-18"	"game-01"	293117
"2013-08-18"	"game-01"	896307
"2013-08-18"	"game-01"	151724
"2013-08-18"	"game-01"	389492
"2013-08-18"	"game-01"	62950
"2013-08-18"	"game-01"	850024
"2013-08-18"	"game-01"	241936
"2013-08-18"	"game-01"	837516
"2013-08-18"	"game-01"	789462
"2013-08-18"	"game-01"	453099
"2013-08-18"	"game-01"	8693
"2013-08-18"	"game-01"	489966
"2013-08-18"	"game-01"	780037
"2013-08-18"	"game-01"	468439
"2013-08-18"	"game-01"	638783
"2013-08-18"	"game-01"	951579
"2013-08-18"	"game-01"	473579
"2013-08-18"	"game-01"	605771
"2013-08-18"	"game-01"	704365
"2013-08-18"	"game-01"	384343
"2013-08-18"	"game-01"	798833
"2013-08-18"	"game-01"	449288
"2013-08-18"	"game-01"	284507
"2013-08-18"	"game-01"	323560
"2013-08-18"	"game-01"	410975
"2013-08-18"	"game-01"	273641
"2013-08-18"	"game-01"	342608
"2013-08-18"	"game-01"	460503
"2013-08-18"	"game-01"	90141
"2013-08-18"	"game-01"	940349
"2013-08-18"	"game-01"	994297
"2013-08-18"	"game-01"	13375
"2013-08-18"	"game-01"	235051
"2013-08-18"	"game-01"	998965
"2013-08-18"	"game-01"	367178
"2013-08-18"	"game-01"	913544
"2013-08-18"	"game-01"	192140
"2013-08-18"	"game-01"	749043
"2013-08-18"	"game-01"	103581
"2013-08-18"	"game-01"	561314
"2013-08-18"	"game-01"	529100
"2013-08-18"	"game-01"	696619
"2013-08-18"	"game-01"	342079
"2013-08-18"	"game-01"	195318
"2013-08-18"	"game-01"	21521
"2013-08-18"	"game-01"	218144
"2013-08-18"	"game-01"	248274
"2013-08-18"	"game-01"	800427
"2013-08-18"	"game-01"	912469
"2013-08-18"	"game-01"	105116
"2013-08-18"	"game-01"	619275
"2013-08-18"	"game-01"	178719
"2013-08-18"	"game-01"	856427
"2013-08-18"	"game-01"	938027
"2013-08-18"	"game-01"	414531
"2013-08-18"	"game-01"	686906
"2013-08-18"	"game-01"	415213
"2013-08-18"	"game-01"	402910
"2013-08-18"	"game-01"	17495
"2013-08-18"	"game-01"	950445
"2013-08-18"	"game-01"	863997
"2013-08-18"	"game-01"	152332
"2013-08-18"	"game-01"	391623
"2013-08-18"	"game-01"	74273
"2013-08-18"	"game-01"	956530
"2013-08-18"	"game-01"	248719
"2013-08-18"	"game-01"	362428
"2013-08-18"	"game-01"	794654
"2013-08-18"	"game-01"	835182
"2013-08-18"	"game-01"	862262
"2013-08-18"	"game-01"	401142
"2013-08-18"	"game-01"	725
"2013-08-18"	"game-01"	484460
"2013-08-18"	"game-01"	400419
"2013-08-18"	"game-01"	829650
"2013-08-18"	"game-01"	238395
"2013-08-18"	"game-01"	127377
"2013-08-18"	"game-01"	845769
"2013-08-18"	"game-01"	922540
"2013-08-18"	"game-01"	161406
"2013-08-18"	"game-01"	146149
"2013-08-18"	"game-01"	509488
"2013-08-18"	"game-01"	753425
"2013-08-18"	"game-01"	2078
"2013-08-18"	"game-01"	274664
"2013-08-18"	"game-01"	800540
"2013-08-18"	"game-01"	840860
"2013-08-18"	"game-01"	612361
"2013-08-18"	"game-01"	907705
"2013-08-18"	"game-01"	745179
"2013-08-18"	"game-01"	698898
"2013-08-18"	"game-01"	395316
"2013-08-18"	"game-01"	716314
"2013-08-18"	"game-01"	762261
"2013-08-18"	"game-01"	995484
"2013-08-18"	"game-01"	612346
"2013-08-18"	"game-01"	659059
"2013-08-18"	"game-01"	21851
"2013-08-18"	"game-01"	611293
"2013-08-18"	"game-01"	607750
"2013-08-18"	"game-01"	997543
"2013-08-18"	"game-01"	280241
"2013-08-18"	"game-01"	493719
"2013-08-18"	"game-01"	985147
"2013-08-18"	"game-01"	677337
"2013-08-18"	"game-01"	603958
"2013-08-18"	"game-01"	464244
"2013-08-18"	"game-01"	661348
"2013-08-18"	"game-01"	703808
"2013-08-18"	"game-01"	903618
"2013-08-18"	"game-01"	992179
"2013-08-18"	"game-01"	970491
"2013-08-18"	"game-01"	384391
"2013-08-18"	"game-01"	343361
"2013-08-18"	"game-01"	628808
"2013-08-18"	"game-01"	318538
"2013-08-18"	"game-01"	69
"2013-08-18"	"game-01"	460166
"2013-08-18"	"game-01"	732009
"2013-08-18"	"game-01"	352946
"2013-08-18"	"game-01"	818185
"2013-08-18"	"game-01"	924921
"2013-08-18"	"game-01"	562894
"2013-08-18"	"game-01"	930700
"2013-08-18"	"game-01"	191255
"2013-08-18"	"game-01"	838067
"2013-08-18"	"game-01"	160585
"2013-08-18"	"game-01"	368317
"2013-08-18"	"game-01"	588089
"2013-08-18"	"game-01"	678969
"2013-08-18"	"game-01"	152891
"2013-08-18"	"game-01"	390934
"2013-08-18"	"game-01"	207546
"2013-08-18"	"game-01"	617295
"2013-08-18"	"game-01"	538903
"2013-08-18"	"game-01"	725587
"2013-08-18"	"game-01"	112337
"2013-08-18"	"game-01"	77066
"2013-08-18"	"game-01"	509054
"2013-08-18"	"game-01"	959390
"2013-08-18"	"game-01"	879421
"2013-08-18"	"game-01"	213366
"2013-08-18"	"game-01"	810501
"2013-08-18"	"game-01"	5350
"2013-08-18"	"game-01"	875976
"2013-08-18"	"game-01"	2040
"2013-08-18"	"game-01"	73238
"2013-08-18"	"game-01"	856018
"2013-08-18"	"game-01"	149668
"2013-08-18"	"game-01"	516157
"2013-08-18"	"game-01"	994056
"2013-08-18"	"game-01"	921249
"2013-08-18"	"game-01"	969237
"2013-08-18"	"game-01"	445471
"2013-08-18"	"game-01"	760035
"2013-08-18"	"game-01"	750431
"2013-08-18"	"game-01"	616838
"2013-08-18"	"game-01"	704224
"2013-08-18"	"game-01"	495632
"2013-08-18"	"game-01"	674736
"2013-08-18"	"game-01"	131757
"2013-08-18"	"game-01"	480854
"2013-08-18"	"game-01"	118158
"2013-08-18"	"game-01"	415104
"2013-08-18"	"game-01"	205352
"2013-08-18"	"game-01"	377121
"2013-08-18"	"game-01"	240558
"2013-08-18"	"game-01"	833249
"2013-08-18"	"game-01"	699568
"2013-08-18"	"game-01"	543112
"2013-08-18"	"game-01"	336356
"2013-08-18"	"game-01"	697852
"2013-08-18"	"game-01"	544608
"2013-08-18"	"game-01"	387963
"2013-08-18"	"game-01"	549927
"2013-08-18"	"game-01"	766499
"2013-08-18"	"game-01"	358241
"2013-08-18"	"game-01"	203836
"2013-08-18"	"game-01"	332858
"2013-08-18"	"game-01"	879830
"2013-08-18"	"game-01"	191532
"2013-08-18"	"game-01"	632104
"2013-08-18"	"game-01"	38636
"2013-08-18"	"game-01"	602147
"2013-08-18"	"game-01"	863129
"2013-08-18"	"game-01"	153743
"2013-08-18"	"game-01"	510907
"2013-08-18"	"game-01"	305180
"2013-08-18"	"game-01"	521247
"2013-08-18"	"game-01"	481168
"2013-08-18"	"game-01"	283449
"2013-08-18"	"game-01"	342359
"2013-08-18"	"game-01"	957161
"2013-08-18"	"game-01"	91191
"2013-08-18"	"game-01"	822191
"2013-08-18"	"game-01"	477679
"2013-08-18"	"game-01"	237044
"2013-08-18"	"game-01"	17455
"2013-08-18"	"game-01"	230767
"2013-08-18"	"game-01"	424370
"2013-08-18"	"game-01"	127495
"2013-08-18"	"game-01"	993480
"2013-08-18"	"game-01"	400757
"2013-08-18"	"game-01"	26685
"2013-08-18"	"game-01"	273846
"2013-08-18"	"game-01"	174935
"2013-08-18"	"game-01"	579486
"2013-08-18"	"game-01"	460324
"2013-08-18"	"game-01"	301724
"2013-08-18"	"game-01"	691817
"2013-08-18"	"game-01"	732445
"2013-08-18"	"game-01"	112243
"2013-08-18"	"game-01"	28669
"2013-08-18"	"game-01"	873637
"2013-08-18"	"game-01"	445597
"2013-08-18"	"game-01"	873726
"2013-08-18"	"game-01"	997331
"2013-08-18"	"game-01"	228241
"2013-08-18"	"game-01"	367774
"2013-08-18"	"game-01"	411891
"2013-08-18"	"game-01"	956905
"2013-08-18"	"game-01"	608638
"2013-08-18"	"game-01"	468272
"2013-08-18"	"game-01"	211578
"2013-08-18"	"game-01"	480331
"2013-08-18"	"game-01"	896246
"2013-08-18"	"game-01"	54868
"2013-08-18"	"game-01"	78608
"2013-08-18"	"game-01"	66894
"2013-08-18"	"game-01"	763617
"2013-08-18"	"game-01"	394937
"2013-08-18"	"game-01"	611150
"2013-08-18"	"game-01"	493622
"2013-08-18"	"game-01"	231582
"2013-08-18"	"game-01"	687361
"2013-08-18"	"game-01"	808291
"2013-08-18"	"game-01"	361590
"2013-08-18"	"game-01"	935120
"2013-08-18"	"game-01"	330105
"2013-08-18"	"game-01"	109673
"2013-08-18"	"game-01"	492815
"2013-08-18"	"game-01"	626728
"2013-08-18"	"game-01"	388617
"2013-08-18"	"game-01"	262965
"2013-08-18"	"game-01"	493060
"2013-08-18"	"game-01"	742993
"2013-08-18"	"game-01"	784566
"2013-08-18"	"game-01"	961229
"2013-08-18"	"game-01"	970908
"2013-08-18"	"game-01"	761424
"2013-08-18"	"game-01"	351471
"2013-08-18"	"game-01"	258660
"2013-08-18"	"game-01"	189927
"2013-08-18"	"game-01"	308210
"2013-08-18"	"game-01"	528360
"2013-08-18"	"game-01"	299574
"2013-08-18"	"game-01"	45886
"2013-08-18"	"game-01"	418438
"2013-08-18"	"game-01"	903237
"2013-08-18"	"game-01"	457323
"2013-08-18"	"game-01"	685800
"2013-08-18"	"game-01"	831759
"2013-08-18"	"game-01"	529714
"2013-08-18"	"game-01"	309309
"2013-08-18"	"game-01"	442448
"2013-08-18"	"game-01"	93996
"2013-08-18"	"game-01"	834819
"2013-08-18"	"game-01"	270925
"2013-08-18"	"game-01"	539596
"2013-08-18"	"game-01"	755302
"2013-08-18"	"game-01"	829425
"2013-08-18"	"game-01"	845612
"2013-08-18"	"game-01"	289214
"2013-08-18"	"game-01"	763079
"2013-08-18"	"game-01"	371287
"2013-08-18"	"game-01"	181111
"2013-08-18"	"game-01"	181111
"2013-08-18"	"game-01"	408672
"2013-08-18"	"game-01"	398108
"2013-08-18"	"game-01"	294816
"2013-08-18"	"game-01"	425966
"2013-08-18"	"game-01"	683312
"2013-08-18"	"game-01"	440358
"2013-08-18"	"game-01"	225313
"2013-08-18"	"game-01"	158294
"2013-08-18"	"game-01"	522222
"2013-08-18"	"game-01"	834901
"2013-08-18"	"game-01"	90977
"2013-08-18"	"game-01"	882386
"2013-08-18"	"game-01"	275088
"2013-08-18"	"game-01"	236290
"2013-08-18"	"game-01"	585816
"2013-08-18"	"game-01"	950557
"2013-08-18"	"game-01"	159851
"2013-08-18"	"game-01"	715583
"2013-08-18"	"game-01"	223487
"2013-08-18"	"game-01"	78596
"2013-08-18"	"game-01"	255022
"2013-08-18"	"game-01"	123356
"2013-08-18"	"game-01"	698731
"2013-08-18"	"game-01"	842695
"2013-08-18"	"game-01"	782483
"2013-08-18"	"game-01"	110265
"2013-08-18"	"game-01"	727280
"2013-08-18"	"game-01"	897233
"2013-08-18"	"game-01"	2128
"2013-08-18"	"game-01"	875446
"2013-08-18"	"game-01"	705291
"2013-08-18"	"game-01"	768273
"2013-08-18"	"game-01"	718717
"2013-08-18"	"game-01"	483387
"2013-08-18"	"game-01"	952992
"2013-08-18"	"game-01"	345649
"2013-08-18"	"game-01"	283664
"2013-08-18"	"game-01"	360465
"2013-08-18"	"game-01"	21929
"2013-08-18"	"game-01"	195413
"2013-08-18"	"game-01"	800121
"2013-08-18"	"game-01"	255094
"2013-08-18"	"game-01"	250249
"2013-08-18"	"game-01"	969384
"2013-08-18"	"game-01"	426884
"2013-08-18"	"game-01"	395846
"2013-08-18"	"game-01"	397179
"2013-08-18"	"game-01"	655373
"2013-08-18"	"game-01"	544818
"2013-08-18"	"game-01"	867371
"2013-08-18"	"game-01"	685246
"2013-08-18"	"game-01"	320600
"2013-08-18"	"game-01"	25509
"2013-08-18"	"game-01"	234564
"2013-08-18"	"game-01"	883884
"2013-08-18"	"game-01"	850302
"2013-08-18"	"game-01"	382431
"2013-08-18"	"game-01"	716327
"2013-08-18"	"game-01"	841434
"2013-08-18"	"game-01"	930157
"2013-08-18"	"game-01"	1793
"2013-08-18"	"game-01"	866336
"2013-08-18"	"game-01"	852845
"2013-08-18"	"game-01"	574596
"2013-08-18"	"game-01"	898846
"2013-08-18"	"game-01"	877046
"2013-08-18"	"game-01"	734812
"2013-08-18"	"game-01"	215403
"2013-08-18"	"game-01"	656721
"2013-08-18"	"game-01"	590908
"2013-08-18"	"game-01"	683255
"2013-08-18"	"game-01"	493448
"2013-08-18"	"game-01"	681199
"2013-08-18"	"game-01"	279386
"2013-08-18"	"game-01"	83740
"2013-08-18"	"game-01"	307588
"2013-08-18"	"game-01"	973895
"2013-08-18"	"game-01"	319631
"2013-08-18"	"game-01"	834061
"2013-08-18"	"game-01"	557835
"2013-08-18"	"game-01"	109130
"2013-08-18"	"game-01"	579392
"2013-08-18"	"game-01"	996766
"2013-08-18"	"game-01"	822815
"2013-08-18"	"game-01"	395289
"2013-08-18"	"game-01"	969059
"2013-08-18"	"game-01"	119073
"2013-08-18"	"game-01"	83989
"2013-08-18"	"game-01"	375516
"2013-08-18"	"game-01"	632960
"2013-08-18"	"game-01"	463922
"2013-08-18"	"game-01"	745114
"2013-08-18"	"game-01"	263629
"2013-08-18"	"game-01"	324363
"2013-08-18"	"game-01"	932292
"2013-08-18"	"game-01"	482158
"2013-08-18"	"game-01"	214247
"2013-08-18"	"game-01"	58131
"2013-08-18"	"game-01"	915480
"2013-08-18"	"game-01"	503365
"2013-08-18"	"game-01"	894976
"2013-08-18"	"game-01"	885541
"2013-08-18"	"game-01"	661315
"2013-08-18"	"game-01"	946751
"2013-08-18"	"game-01"	965504
"2013-08-18"	"game-01"	470707
"2013-08-18"	"game-01"	106727
"2013-08-18"	"game-01"	259231
"2013-08-18"	"game-01"	7932
"2013-08-18"	"game-01"	574199
"2013-08-18"	"game-01"	106277
"2013-08-18"	"game-01"	747843
"2013-08-18"	"game-01"	86540
"2013-08-18"	"game-01"	669615
"2013-08-18"	"game-01"	593781
"2013-08-18"	"game-01"	917927
"2013-08-18"	"game-01"	805710
"2013-08-18"	"game-01"	188663
"2013-08-18"	"game-01"	458205
"2013-08-18"	"game-01"	288289
"2013-08-18"	"game-01"	650041
"2013-08-18"	"game-01"	479123
"2013-08-18"	"game-01"	111964
"2013-08-18"	"game-01"	814221
"2013-08-18"	"game-01"	906489
"2013-08-18"	"game-01"	873325
"2013-08-18"	"game-01"	532824
"2013-08-18"	"game-01"	855468
"2013-08-18"	"game-01"	70083
"2013-08-18"	"game-01"	13366
"2013-08-18"	"game-01"	202517
"2013-08-18"	"game-01"	129303
"2013-08-18"	"game-01"	486499
"2013-08-18"	"game-01"	551710
"2013-08-18"	"game-01"	642869
"2013-08-18"	"game-01"	921695
"2013-08-18"	"game-01"	825898
"2013-08-18"	"game-01"	438531
"2013-08-18"	"game-01"	288386
"2013-08-18"	"game-01"	821339
"2013-08-18"	"game-01"	957387
"2013-08-18"	"game-01"	96389
"2013-08-18"	"game-01"	918646
"2013-08-18"	"game-01"	824749
"2013-08-18"	"game-01"	776081
"2013-08-18"	"game-01"	299107
"2013-08-18"	"game-01"	370408
"2013-08-18"	"game-01"	133420
"2013-08-18"	"game-01"	956168
"2013-08-18"	"game-01"	381849
"2013-08-18"	"game-01"	433177
"2013-08-18"	"game-01"	670505
"2013-08-18"	"game-01"	33551
"2013-08-18"	"game-01"	928597
"2013-08-18"	"game-01"	838892
"2013-08-18"	"game-01"	807223
"2013-08-18"	"game-01"	470911
"2013-08-18"	"game-01"	165657
"2013-08-18"	"game-01"	911713
"2013-08-18"	"game-01"	628398
"2013-08-18"	"game-01"	726098
"2013-08-18"	"game-01"	593994
"2013-08-18"	"game-01"	613042
"2013-08-18"	"game-01"	300194
"2013-08-18"	"game-01"	775655
"2013-08-18"	"game-01"	414225
"2013-08-18"	"game-01"	98556
"2013-08-18"	"game-01"	844360
"2013-08-18"	"game-01"	87458
"2013-08-18"	"game-01"	33990
"2013-08-18"	"game-01"	402895
"2013-08-18"	"game-01"	993728
"2013-08-18"	"game-01"	741473
"2013-08-18"	"game-01"	280980
"2013-08-18"	"game-01"	720395
"2013-08-18"	"game-01"	194511
"2013-08-18"	"game-01"	823091
"2013-08-18"	"game-01"	269916
"2013-08-18"	"game-01"	99914
"2013-08-18"	"game-01"	365750
"2013-08-18"	"game-01"	176647
"2013-08-18"	"game-01"	829160
"2013-08-18"	"game-01"	704176
"2013-08-18"	"game-01"	240436
"2013-08-18"	"game-01"	742207
"2013-08-18"	"game-01"	457907
"2013-08-18"	"game-01"	280845
"2013-08-18"	"game-01"	704855
"2013-08-18"	"game-01"	897810
"2013-08-18"	"game-01"	343895
"2013-08-18"	"game-01"	826502
"2013-08-18"	"game-01"	77953
"2013-08-18"	"game-01"	465548
"2013-08-18"	"game-01"	480210
"2013-08-18"	"game-01"	12428
"2013-08-18"	"game-01"	533531
"2013-08-18"	"game-01"	154451
"2013-08-18"	"game-01"	935097
"2013-08-18"	"game-01"	683722
"2013-08-18"	"game-01"	993875
"2013-08-18"	"game-01"	654132
"2013-08-18"	"game-01"	952041
"2013-08-18"	"game-01"	893948
"2013-08-18"	"game-01"	218245
"2013-08-18"	"game-01"	917350
"2013-08-18"	"game-01"	419939
"2013-08-18"	"game-01"	56586
"2013-08-18"	"game-01"	281887
"2013-08-18"	"game-01"	636493
"2013-08-18"	"game-01"	19905
"2013-08-18"	"game-01"	860556
"2013-08-18"	"game-01"	250714
"2013-08-18"	"game-01"	98701
"2013-08-18"	"game-01"	827811
"2013-08-18"	"game-01"	669146
"2013-08-18"	"game-01"	719199
"2013-08-18"	"game-01"	219528
"2013-08-18"	"game-01"	160543
"2013-08-18"	"game-01"	780638
"2013-08-18"	"game-01"	588886
"2013-08-18"	"game-01"	918233
"2013-08-18"	"game-01"	645873
"2013-08-18"	"game-01"	960557
"2013-08-18"	"game-01"	412940
"2013-08-18"	"game-01"	912996
"2013-08-18"	"game-01"	430370
"2013-08-18"	"game-01"	326436
"2013-08-18"	"game-01"	447970
"2013-08-18"	"game-01"	114648
"2013-08-18"	"game-01"	935283
"2013-08-18"	"game-01"	565087
"2013-08-18"	"game-01"	42648
"2013-08-18"	"game-01"	180203
"2013-08-18"	"game-01"	906480
"2013-08-18"	"game-01"	621382
"2013-08-18"	"game-01"	2621
"2013-08-18"	"game-01"	846836
"2013-08-18"	"game-01"	10073
"2013-08-18"	"game-01"	460137
"2013-08-18"	"game-01"	332855
"2013-08-18"	"game-01"	218825
"2013-08-18"	"game-01"	894195
"2013-08-18"	"game-01"	428732
"2013-08-18"	"game-01"	403821
"2013-08-18"	"game-01"	749632
"2013-08-18"	"game-01"	769801
"2013-08-18"	"game-01"	472337
"2013-08-18"	"game-01"	727469
"2013-08-18"	"game-01"	422258
"2013-08-18"	"game-01"	29508
"2013-08-18"	"game-01"	490752
"2013-08-18"	"game-01"	890885
"2013-08-18"	"game-01"	62170
"2013-08-18"	"game-01"	212303
"2013-08-18"	"game-01"	587954
"2013-08-18"	"game-01"	871989
"2013-08-18"	"game-01"	525897
"2013-08-18"	"game-01"	320588
"2013-08-18"	"game-01"	979013
"2013-08-18"	"game-01"	868338
"2013-08-18"	"game-01"	243383
"2013-08-18"	"game-01"	860577
"2013-08-18"	"game-01"	74343
"2013-08-18"	"game-01"	305110
"2013-08-18"	"game-01"	857
"2013-08-18"	"game-01"	566991
"2013-08-18"	"game-01"	466204
"2013-08-18"	"game-01"	999321
"2013-08-18"	"game-01"	396327
"2013-08-18"	"game-01"	818532
"2013-08-18"	"game-01"	585920
"2013-08-18"	"game-01"	137628
"2013-08-18"	"game-01"	270665
"2013-08-18"	"game-01"	604570
"2013-08-18"	"game-01"	563320
"2013-08-18"	"game-01"	30079
"2013-08-18"	"game-01"	503984
"2013-08-18"	"game-01"	814237
"2013-08-18"	"game-01"	17210
"2013-08-18"	"game-01"	224289
"2013-08-18"	"game-01"	834641
"2013-08-18"	"game-01"	742494
"2013-08-18"	"game-01"	234857
"2013-08-18"	"game-01"	732616
"2013-08-18"	"game-01"	619909
"2013-08-18"	"game-01"	523114
"2013-08-18"	"game-01"	590480
"2013-08-18"	"game-01"	697437
"2013-08-18"	"game-01"	426594
"2013-08-18"	"game-01"	796708
"2013-08-18"	"game-01"	888687
"2013-08-18"	"game-01"	551931
"2013-08-18"	"game-01"	138540
"2013-08-18"	"game-01"	110419
"2013-08-18"	"game-01"	733551
"2013-08-18"	"game-01"	776136
"2013-08-18"	"game-01"	717374
"2013-08-18"	"game-01"	638141
"2013-08-18"	"game-01"	370927
"2013-08-18"	"game-01"	572593
"2013-08-18"	"game-01"	520717
"2013-08-18"	"game-01"	264259
"2013-08-18"	"game-01"	261944
"2013-08-18"	"game-01"	518983
"2013-08-18"	"game-01"	98282
"2013-08-18"	"game-01"	817452
"2013-08-18"	"game-01"	756823
"2013-08-18"	"game-01"	697922
"2013-08-18"	"game-01"	563238
"2013-08-18"	"game-01"	283063
"2013-08-18"	"game-01"	642722
"2013-08-18"	"game-01"	808258
"2013-08-18"	"game-01"	68327
"2013-08-18"	"game-01"	16827
"2013-08-18"	"game-01"	439323
"2013-08-18"	"game-01"	804897
"2013-08-18"	"game-01"	572077
"2013-08-18"	"game-01"	775790
"2013-08-18"	"game-01"	653988
"2013-08-18"	"game-01"	572566
"2013-08-18"	"game-01"	965096
"2013-08-18"	"game-01"	758745
"2013-08-18"	"game-01"	666037
"2013-08-18"	"game-01"	57149
"2013-08-18"	"game-01"	597465
"2013-08-18"	"game-01"	91866
"2013-08-18"	"game-01"	871731
"2013-08-18"	"game-01"	763289
"2013-08-18"	"game-01"	997834
"2013-08-18"	"game-01"	100591
"2013-08-18"	"game-01"	614979
"2013-08-18"	"game-01"	593296
"2013-08-18"	"game-01"	926631
"2013-08-18"	"game-01"	520163
"2013-08-18"	"game-01"	367093
"2013-08-18"	"game-01"	198613
"2013-08-18"	"game-01"	750748
"2013-08-18"	"game-01"	802099
"2013-08-18"	"game-01"	430549
"2013-08-18"	"game-01"	210702
"2013-08-18"	"game-01"	854994
"2013-08-18"	"game-01"	989656
"2013-08-18"	"game-01"	889077
"2013-08-18"	"game-01"	557926
"2013-08-18"	"game-01"	120216
"2013-08-18"	"game-01"	978135
"2013-08-18"	"game-01"	489269
"2013-08-18"	"game-01"	143553
"2013-08-18"	"game-01"	471735
"2013-08-18"	"game-01"	727664
"2013-08-18"	"game-01"	65239
"2013-08-18"	"game-01"	935729
"2013-08-18"	"game-01"	313459
"2013-08-18"	"game-01"	45604
"2013-08-18"	"game-01"	569571
"2013-08-18"	"game-01"	970232
"2013-08-18"	"game-01"	133040
"2013-08-18"	"game-01"	30397
"2013-08-18"	"game-01"	51415
"2013-08-18"	"game-01"	534618
"2013-08-18"	"game-01"	614981
"2013-08-18"	"game-01"	768312
"2013-08-18"	"game-01"	611242
"2013-08-18"	"game-01"	427447
"2013-08-18"	"game-01"	58570
"2013-08-18"	"game-01"	541546
"2013-08-18"	"game-01"	176744
"2013-08-18"	"game-01"	367768
"2013-08-18"	"game-01"	559226
"2013-08-18"	"game-01"	779289
"2013-08-18"	"game-01"	164187
"2013-08-18"	"game-01"	978282
"2013-08-18"	"game-01"	49270
"2013-08-18"	"game-01"	275992
"2013-08-18"	"game-01"	670707
"2013-08-18"	"game-01"	733795
"2013-08-18"	"game-01"	658206
"2013-08-18"	"game-01"	998053
"2013-08-18"	"game-01"	687335
"2013-08-18"	"game-01"	132979
"2013-08-18"	"game-01"	855689
"2013-08-18"	"game-01"	112352
"2013-08-18"	"game-01"	607766
"2013-08-18"	"game-01"	370777
"2013-08-18"	"game-01"	547098
"2013-08-18"	"game-01"	619148
"2013-08-18"	"game-01"	344423
"2013-08-18"	"game-01"	906006
"2013-08-18"	"game-01"	526496
"2013-08-18"	"game-01"	107631
"2013-08-18"	"game-01"	328930
"2013-08-18"	"game-01"	757381
"2013-08-18"	"game-01"	111051
"2013-08-18"	"game-01"	414474
"2013-08-18"	"game-01"	536703
"2013-08-18"	"game-01"	994427
"2013-08-18"	"game-01"	498578
"2013-08-18"	"game-01"	407160
"2013-08-18"	"game-01"	794081
"2013-08-18"	"game-01"	64036
"2013-08-18"	"game-01"	324281
"2013-08-18"	"game-01"	614163
"2013-08-18"	"game-01"	448746
"2013-08-18"	"game-01"	146636
"2013-08-18"	"game-01"	793108
"2013-08-18"	"game-01"	987175
"2013-08-18"	"game-01"	111765
"2013-08-18"	"game-01"	863408
"2013-08-18"	"game-01"	911239
"2013-08-18"	"game-01"	34786
"2013-08-18"	"game-01"	536682
"2013-08-18"	"game-01"	84788
"2013-08-18"	"game-01"	283798
"2013-08-18"	"game-01"	620044
"2013-08-18"	"game-01"	3168
"2013-08-18"	"game-01"	799225
"2013-08-18"	"game-01"	83136
"2013-08-18"	"game-01"	910625
"2013-08-18"	"game-01"	839340
"2013-08-18"	"game-01"	193800
"2013-08-18"	"game-01"	219007
"2013-08-18"	"game-01"	695302
"2013-08-18"	"game-01"	752258
"2013-08-18"	"game-01"	225234
"2013-08-18"	"game-01"	420521
"2013-08-18"	"game-01"	106890
"2013-08-18"	"game-01"	871868
"2013-08-18"	"game-01"	308337
"2013-08-18"	"game-01"	308337
"2013-08-18"	"game-01"	873940
"2013-08-18"	"game-01"	119858
"2013-08-18"	"game-01"	28071
"2013-08-18"	"game-01"	608334
"2013-08-18"	"game-01"	481799
"2013-08-18"	"game-01"	54850
"2013-08-18"	"game-01"	986529
"2013-08-18"	"game-01"	254325
"2013-08-18"	"game-01"	472956
"2013-08-18"	"game-01"	557614
"2013-08-18"	"game-01"	329185
"2013-08-18"	"game-01"	19115
"2013-08-18"	"game-01"	731695
"2013-08-18"	"game-01"	423273
"2013-08-18"	"game-01"	174511
"2013-08-18"	"game-01"	735007
"2013-08-18"	"game-01"	67488
"2013-08-18"	"game-01"	192872
"2013-08-18"	"game-01"	538004
"2013-08-18"	"game-01"	90174
"2013-08-18"	"game-01"	706616
"2013-08-18"	"game-01"	374193
"2013-08-18"	"game-01"	52730
"2013-08-18"	"game-01"	187058
"2013-08-18"	"game-01"	926321
"2013-08-18"	"game-01"	526252
"2013-08-18"	"game-01"	288034
"2013-08-18"	"game-01"	332671
"2013-08-18"	"game-01"	817397
"2013-08-18"	"game-01"	539347
"2013-08-18"	"game-01"	968360
"2013-08-18"	"game-01"	598931
"2013-08-18"	"game-01"	883207
"2013-08-18"	"game-01"	728189
"2013-08-18"	"game-01"	948009
"2013-08-18"	"game-01"	86747
"2013-08-18"	"game-01"	860106
"2013-08-18"	"game-01"	740033
"2013-08-18"	"game-01"	241204
"2013-08-18"	"game-01"	213153
"2013-08-18"	"game-01"	734110
"2013-08-18"	"game-01"	777093
"2013-08-18"	"game-01"	200065
"2013-08-18"	"game-01"	20544
"2013-08-18"	"game-01"	897815
"2013-08-18"	"game-01"	23502
"2013-08-18"	"game-01"	846492
"2013-08-18"	"game-01"	817010
"2013-08-18"	"game-01"	471120
"2013-08-18"	"game-01"	885020
"2013-08-18"	"game-01"	42366
"2013-08-18"	"game-01"	487277
"2013-08-18"	"game-01"	820621
"2013-08-18"	"game-01"	16684
"2013-08-18"	"game-01"	977478
"2013-08-18"	"game-01"	370318
"2013-08-18"	"game-01"	56706
"2013-08-18"	"game-01"	409613
"2013-08-18"	"game-01"	528762
"2013-08-18"	"game-01"	336299
"2013-08-18"	"game-01"	357353
"2013-08-18"	"game-01"	150801
"2013-08-18"	"game-01"	716300
"2013-08-18"	"game-01"	193824
"2013-08-18"	"game-01"	191253
"2013-08-18"	"game-01"	573764
"2013-08-18"	"game-01"	769340
"2013-08-18"	"game-01"	29044
"2013-08-18"	"game-01"	160375
"2013-08-18"	"game-01"	80472
"2013-08-18"	"game-01"	368830
"2013-08-18"	"game-01"	300446
"2013-08-18"	"game-01"	299359
"2013-08-18"	"game-01"	575549
"2013-08-18"	"game-01"	653154
"2013-08-18"	"game-01"	179752
"2013-08-18"	"game-01"	190952
"2013-08-18"	"game-01"	146478
"2013-08-18"	"game-01"	412839
"2013-08-18"	"game-01"	626044
"2013-08-18"	"game-01"	726528
"2013-08-18"	"game-01"	780983
"2013-08-18"	"game-01"	288636
"2013-08-18"	"game-01"	896156
"2013-08-18"	"game-01"	936068
"2013-08-18"	"game-01"	359886
"2013-08-18"	"game-01"	474071
"2013-08-18"	"game-01"	792680
"2013-08-18"	"game-01"	600591
"2013-08-18"	"game-01"	666727
"2013-08-18"	"game-01"	927976
"2013-08-18"	"game-01"	555337
"2013-08-18"	"game-01"	240579
"2013-08-18"	"game-01"	233355
"2013-08-18"	"game-01"	901637
"2013-08-18"	"game-01"	758244
"2013-08-18"	"game-01"	637677
"2013-08-18"	"game-01"	312215
"2013-08-18"	"game-01"	205017
"2013-08-18"	"game-01"	76875
"2013-08-18"	"game-01"	738097
"2013-08-18"	"game-01"	347713
"2013-08-18"	"game-01"	292408
"2013-08-18"	"game-01"	673895
"2013-08-18"	"game-01"	121023
"2013-08-18"	"game-01"	60643
"2013-08-18"	"game-01"	905541
"2013-08-18"	"game-01"	27551
"2013-08-18"	"game-01"	973028
"2013-08-18"	"game-01"	391310
"2013-08-18"	"game-01"	534636
"2013-08-18"	"game-01"	237801
"2013-08-18"	"game-01"	303464
"2013-08-18"	"game-01"	19163
"2013-08-18"	"game-01"	624284
"2013-08-18"	"game-01"	570832
"2013-08-18"	"game-01"	512068
"2013-08-18"	"game-01"	897539
"2013-08-18"	"game-01"	742890
"2013-08-18"	"game-01"	565450
"2013-08-18"	"game-01"	30791
"2013-08-18"	"game-01"	513013
"2013-08-18"	"game-01"	865544
"2013-08-18"	"game-01"	123804
"2013-08-18"	"game-01"	796219
"2013-08-18"	"game-01"	992067
"2013-08-18"	"game-01"	666734
"2013-08-18"	"game-01"	614112
"2013-08-18"	"game-01"	842356
"2013-08-18"	"game-01"	580229
"2013-08-18"	"game-01"	797089
"2013-08-18"	"game-01"	1524
"2013-08-18"	"game-01"	420779
"2013-08-18"	"game-01"	393744
"2013-08-18"	"game-01"	328089
"2013-08-18"	"game-01"	674461
"2013-08-18"	"game-01"	905642
"2013-08-18"	"game-01"	67024
"2013-08-18"	"game-01"	643203
"2013-08-18"	"game-01"	413517
"2013-08-18"	"game-01"	161766
"2013-08-18"	"game-01"	198195
"2013-08-18"	"game-01"	198390
"2013-08-18"	"game-01"	194688
"2013-08-18"	"game-01"	43150
"2013-08-18"	"game-01"	472999
"2013-08-18"	"game-01"	989776
"2013-08-18"	"game-01"	296710
"2013-08-18"	"game-01"	308122
"2013-08-18"	"game-01"	859794
"2013-08-18"	"game-01"	53031
"2013-08-18"	"game-01"	444903
"2013-08-18"	"game-01"	280064
"2013-08-18"	"game-01"	62052
"2013-08-18"	"game-01"	540235
"2013-08-18"	"game-01"	597559
"2013-08-18"	"game-01"	546485
"2013-08-18"	"game-01"	455298
"2013-08-18"	"game-01"	926529
"2013-08-18"	"game-01"	5465
"2013-08-18"	"game-01"	617863
"2013-08-18"	"game-01"	282798
"2013-08-18"	"game-01"	657534
"2013-08-18"	"game-01"	78932
"2013-08-18"	"game-01"	959923
"2013-08-18"	"game-01"	694759
"2013-08-18"	"game-01"	602497
"2013-08-18"	"game-01"	236689
"2013-08-18"	"game-01"	928313
"2013-08-18"	"game-01"	887553
"2013-08-18"	"game-01"	921347
"2013-08-18"	"game-01"	84773
"2013-08-18"	"game-01"	798058
"2013-08-18"	"game-01"	289986
"2013-08-18"	"game-01"	366371
"2013-08-18"	"game-01"	239045
"2013-08-18"	"game-01"	538218
"2013-08-18"	"game-01"	940378
"2013-08-18"	"game-01"	441514
"2013-08-18"	"game-01"	127644
"2013-08-18"	"game-01"	623949
"2013-08-18"	"game-01"	529943
"2013-08-18"	"game-01"	584822
"2013-08-18"	"game-01"	5989
"2013-08-18"	"game-01"	724200
"2013-08-18"	"game-01"	74421
"2013-08-18"	"game-01"	780709
"2013-08-18"	"game-01"	188217
"2013-08-18"	"game-01"	675767
"2013-08-18"	"game-01"	142777
"2013-08-18"	"game-01"	377829
"2013-08-18"	"game-01"	148100
"2013-08-18"	"game-01"	445856
"2013-08-18"	"game-01"	371764
"2013-08-18"	"game-01"	264714
"2013-08-18"	"game-01"	301387
"2013-08-18"	"game-01"	444452
"2013-08-18"	"game-01"	748728
"2013-08-18"	"game-01"	117187
"2013-08-18"	"game-01"	586883
"2013-08-18"	"game-01"	696107
"2013-08-18"	"game-01"	990663
"2013-08-18"	"game-01"	768328
"2013-08-18"	"game-01"	523604
"2013-08-18"	"game-01"	33166
"2013-08-18"	"game-01"	3036
"2013-08-18"	"game-01"	265727
"2013-08-18"	"game-01"	12224
"2013-08-18"	"game-01"	99774
"2013-08-18"	"game-01"	160760
"2013-08-18"	"game-01"	819198
"2013-08-18"	"game-01"	240129
"2013-08-18"	"game-01"	671298
"2013-08-18"	"game-01"	609769
"2013-08-18"	"game-01"	672266
"2013-08-18"	"game-01"	66180
"2013-08-18"	"game-01"	138468
"2013-08-18"	"game-01"	109539
"2013-08-18"	"game-01"	890824
"2013-08-18"	"game-01"	178215
"2013-08-18"	"game-01"	807523
"2013-08-18"	"game-01"	980923
"2013-08-18"	"game-01"	940470
"2013-08-18"	"game-01"	726420
"2013-08-18"	"game-01"	534526
"2013-08-18"	"game-01"	392725
"2013-08-18"	"game-01"	551346
"2013-08-18"	"game-01"	893209
"2013-08-18"	"game-01"	174068
"2013-08-18"	"game-01"	507447
"2013-08-18"	"game-01"	401908
"2013-08-18"	"game-01"	492061
"2013-08-18"	"game-01"	398594
"2013-08-18"	"game-01"	528681
"2013-08-18"	"game-01"	210720
"2013-08-18"	"game-01"	896519
"2013-08-18"	"game-01"	516037
"2013-08-18"	"game-01"	176579
"2013-08-18"	"game-01"	956300
"2013-08-18"	"game-01"	782678
"2013-08-18"	"game-01"	28254
"2013-08-18"	"game-01"	476337
"2013-08-18"	"game-01"	69532
"2013-08-18"	"game-01"	671928
"2013-08-18"	"game-01"	515008
"2013-08-18"	"game-01"	432829
"2013-08-18"	"game-01"	736251
"2013-08-18"	"game-01"	208501
"2013-08-18"	"game-01"	180274
"2013-08-18"	"game-01"	323904
"2013-08-18"	"game-01"	765938
"2013-08-18"	"game-01"	957675
"2013-08-18"	"game-01"	223056
"2013-08-18"	"game-01"	438685
"2013-08-18"	"game-01"	302613
"2013-08-18"	"game-01"	747099
"2013-08-18"	"game-01"	912438
"2013-08-18"	"game-01"	266746
"2013-08-18"	"game-01"	847402
"2013-08-18"	"game-01"	87848
"2013-08-18"	"game-01"	660796
"2013-08-18"	"game-01"	850267
"2013-08-18"	"game-01"	134400
"2013-08-18"	"game-01"	523855
"2013-08-18"	"game-01"	315026
"2013-08-18"	"game-01"	226366
"2013-08-18"	"game-01"	581483
"2013-08-18"	"game-01"	525975
"2013-08-18"	"game-01"	11632
"2013-08-18"	"game-01"	510005
"2013-08-18"	"game-01"	374826
"2013-08-18"	"game-01"	767168
"2013-08-18"	"game-01"	673455
"2013-08-18"	"game-01"	693312
"2013-08-18"	"game-01"	647420
"2013-08-18"	"game-01"	276949
"2013-08-18"	"game-01"	343452
"2013-08-18"	"game-01"	939072
"2013-08-18"	"game-01"	16089
"2013-08-18"	"game-01"	570722
"2013-08-18"	"game-01"	1200
"2013-08-18"	"game-01"	432146
"2013-08-18"	"game-01"	630922
"2013-08-18"	"game-01"	323123
"2013-08-18"	"game-01"	218772
"2013-08-18"	"game-01"	203265
"2013-08-18"	"game-01"	694419
"2013-08-18"	"game-01"	687444
"2013-08-18"	"game-01"	946142
"2013-08-18"	"game-01"	634359
"2013-08-18"	"game-01"	826677
"2013-08-18"	"game-01"	668287
"2013-08-18"	"game-01"	696831
"2013-08-18"	"game-01"	814440
"2013-08-18"	"game-01"	524135
"2013-08-18"	"game-01"	922494
"2013-08-18"	"game-01"	995566
"2013-08-18"	"game-01"	512669
"2013-08-18"	"game-01"	577092
"2013-08-18"	"game-01"	689187
"2013-08-18"	"game-01"	265583
"2013-08-18"	"game-01"	337577
"2013-08-18"	"game-01"	826697
"2013-08-18"	"game-01"	416434
"2013-08-18"	"game-01"	402790
"2013-08-18"	"game-01"	169615
"2013-08-18"	"game-01"	513718
"2013-08-18"	"game-01"	545767
"2013-08-18"	"game-01"	430853
"2013-08-18"	"game-01"	904971
"2013-08-18"	"game-01"	271978
"2013-08-18"	"game-01"	793408
"2013-08-18"	"game-01"	485295
"2013-08-18"	"game-01"	671947
"2013-08-18"	"game-01"	992969
"2013-08-18"	"game-01"	990051
"2013-08-18"	"game-01"	616701
"2013-08-18"	"game-01"	332215
"2013-08-18"	"game-01"	67767
"2013-08-18"	"game-01"	91641
"2013-08-18"	"game-01"	306825
"2013-08-18"	"game-01"	371199
"2013-08-18"	"game-01"	405374
"2013-08-18"	"game-01"	625542
"2013-08-18"	"game-01"	621634
"2013-08-18"	"game-01"	640239
"2013-08-18"	"game-01"	569394
"2013-08-18"	"game-01"	701725
"2013-08-18"	"game-01"	936087
"2013-08-18"	"game-01"	200542
"2013-08-18"	"game-01"	336139
"2013-08-18"	"game-01"	786037
"2013-08-18"	"game-01"	722238
"2013-08-18"	"game-01"	514621
"2013-08-18"	"game-01"	81470
"2013-08-18"	"game-01"	253228
"2013-08-18"	"game-01"	650351
"2013-08-18"	"game-01"	563875
"2013-08-18"	"game-01"	162910
"2013-08-18"	"game-01"	637588
"2013-08-18"	"game-01"	728720
"2013-08-18"	"game-01"	820674
"2013-08-18"	"game-01"	542212
"2013-08-18"	"game-01"	978830
"2013-08-18"	"game-01"	54993
"2013-08-18"	"game-01"	506872
"2013-08-18"	"game-01"	673173
"2013-08-18"	"game-01"	404727
"2013-08-18"	"game-01"	978638
"2013-08-18"	"game-01"	535960
"2013-08-18"	"game-01"	737192
"2013-08-18"	"game-01"	456747
"2013-08-18"	"game-01"	843819
"2013-08-18"	"game-01"	174896
"2013-08-18"	"game-01"	580463
"2013-08-18"	"game-01"	768111
"2013-08-18"	"game-01"	358426
"2013-08-18"	"game-01"	178926
"2013-08-18"	"game-01"	824860
"2013-08-18"	"game-01"	901366
"2013-08-18"	"game-01"	707685
"2013-08-18"	"game-01"	79150
"2013-08-18"	"game-01"	384760
"2013-08-18"	"game-01"	636465
"2013-08-18"	"game-01"	770204
"2013-08-18"	"game-01"	934460
"2013-08-18"	"game-01"	31305
"2013-08-18"	"game-01"	699805
"2013-08-18"	"game-01"	210191
"2013-08-18"	"game-01"	339238
"2013-08-18"	"game-01"	964552
"2013-08-18"	"game-01"	981653
"2013-08-18"	"game-01"	313478
"2013-08-18"	"game-01"	645747
"2013-08-18"	"game-01"	150071
"2013-08-18"	"game-01"	625062
"2013-08-18"	"game-01"	55610
"2013-08-18"	"game-01"	299097
"2013-08-18"	"game-01"	540990
"2013-08-18"	"game-01"	373354
"2013-08-18"	"game-01"	602483
"2013-08-18"	"game-01"	640950
"2013-08-18"	"game-01"	62580
"2013-08-18"	"game-01"	989282
"2013-08-18"	"game-01"	619652
"2013-08-18"	"game-01"	107628
"2013-08-18"	"game-01"	721059
"2013-08-18"	"game-01"	893267
"2013-08-18"	"game-01"	172296
"2013-08-18"	"game-01"	946365
"2013-08-18"	"game-01"	484275
"2013-08-18"	"game-01"	886414
"2013-08-18"	"game-01"	842683
"2013-08-18"	"game-01"	835722
"2013-08-18"	"game-01"	264721
"2013-08-18"	"game-01"	471181
"2013-08-18"	"game-01"	269210
"2013-08-18"	"game-01"	193435
"2013-08-18"	"game-01"	361353
"2013-08-18"	"game-01"	758971
"2013-08-18"	"game-01"	118476
"2013-08-18"	"game-01"	883668
"2013-08-18"	"game-01"	458026
"2013-08-18"	"game-01"	683233
"2013-08-18"	"game-01"	289843
"2013-08-18"	"game-01"	430095
"2013-08-18"	"game-01"	207156
"2013-08-18"	"game-01"	212394
"2013-08-18"	"game-01"	290358
"2013-08-18"	"game-01"	616583
"2013-08-18"	"game-01"	675370
"2013-08-18"	"game-01"	423069
"2013-08-18"	"game-01"	428989
"2013-08-18"	"game-01"	370217
"2013-08-18"	"game-01"	698615
"2013-08-18"	"game-01"	69430
"2013-08-18"	"game-01"	926349
"2013-08-18"	"game-01"	168371
"2013-08-18"	"game-01"	120911
"2013-08-18"	"game-01"	764914
"2013-08-18"	"game-01"	587380
"2013-08-18"	"game-01"	598292
"2013-08-18"	"game-01"	422976
"2013-08-18"	"game-01"	975514
"2013-08-18"	"game-01"	469750
"2013-08-18"	"game-01"	90885
"2013-08-18"	"game-01"	819686
"2013-08-18"	"game-01"	517332
"2013-08-18"	"game-01"	547626
"2013-08-18"	"game-01"	169687
"2013-08-18"	"game-01"	683736
"2013-08-18"	"game-01"	91086
"2013-08-18"	"game-01"	136880
"2013-08-18"	"game-01"	951904
"2013-08-18"	"game-01"	997759
"2013-08-18"	"game-01"	397036
"2013-08-18"	"game-01"	607888
"2013-08-18"	"game-01"	157511
"2013-08-18"	"game-01"	81735
"2013-08-18"	"game-01"	280058
"2013-08-18"	"game-01"	502941
"2013-08-18"	"game-01"	527264
"2013-08-18"	"game-01"	677487
"2013-08-18"	"game-01"	162610
"2013-08-18"	"game-01"	773257
"2013-08-18"	"game-01"	82400
"2013-08-18"	"game-01"	519474
"2013-08-18"	"game-01"	904848
"2013-08-18"	"game-01"	709687
"2013-08-18"	"game-01"	696811
"2013-08-18"	"game-01"	146429
"2013-08-18"	"game-01"	554163
"2013-08-18"	"game-01"	558683
"2013-08-18"	"game-01"	824066
"2013-08-18"	"game-01"	876221
"2013-08-18"	"game-01"	876221
"2013-08-18"	"game-01"	595148
"2013-08-18"	"game-01"	105783
"2013-08-18"	"game-01"	450006
"2013-08-18"	"game-01"	812917
"2013-08-18"	"game-01"	402025
"2013-08-18"	"game-01"	997076
"2013-08-18"	"game-01"	239560
"2013-08-18"	"game-01"	749795
"2013-08-18"	"game-01"	138486
"2013-08-18"	"game-01"	170858
"2013-08-18"	"game-01"	464955
"2013-08-18"	"game-01"	161241
"2013-08-18"	"game-01"	330418
"2013-08-18"	"game-01"	491082
"2013-08-18"	"game-01"	967635
"2013-08-18"	"game-01"	256331
"2013-08-18"	"game-01"	119384
"2013-08-18"	"game-01"	418168
"2013-08-18"	"game-01"	284908
"2013-08-18"	"game-01"	30295
"2013-08-18"	"game-01"	309882
"2013-08-18"	"game-01"	772376
"2013-08-18"	"game-01"	359175
"2013-08-18"	"game-01"	862692
"2013-08-18"	"game-01"	967026
"2013-08-18"	"game-01"	989932
"2013-08-18"	"game-01"	374593
"2013-08-18"	"game-01"	294788
"2013-08-18"	"game-01"	431350
"2013-08-18"	"game-01"	588649
"2013-08-18"	"game-01"	939041
"2013-08-18"	"game-01"	857279
"2013-08-18"	"game-01"	638854
"2013-08-18"	"game-01"	864560
"2013-08-18"	"game-01"	433742
"2013-08-18"	"game-01"	711826
"2013-08-18"	"game-01"	11598
"2013-08-18"	"game-01"	811834
"2013-08-18"	"game-01"	185247
"2013-08-18"	"game-01"	109784
"2013-08-18"	"game-01"	490265
"2013-08-18"	"game-01"	259233
"2013-08-18"	"game-01"	232704
"2013-08-18"	"game-01"	744662
"2013-08-18"	"game-01"	122589
"2013-08-18"	"game-01"	318857
"2013-08-18"	"game-01"	855399
"2013-08-18"	"game-01"	130777
"2013-08-18"	"game-01"	525584
"2013-08-18"	"game-01"	983964
"2013-08-18"	"game-01"	981360
"2013-08-18"	"game-01"	420515
"2013-08-18"	"game-01"	229206
"2013-08-18"	"game-01"	458934
"2013-08-18"	"game-01"	47327
"2013-08-18"	"game-01"	696593
"2013-08-18"	"game-01"	533763
"2013-08-18"	"game-01"	296364
"2013-08-18"	"game-01"	989067
"2013-08-18"	"game-01"	544240
"2013-08-18"	"game-01"	330230
"2013-08-18"	"game-01"	20001
"2013-08-18"	"game-01"	80482
"2013-08-18"	"game-01"	890910
"2013-08-18"	"game-01"	798306
"2013-08-18"	"game-01"	228611
"2013-08-18"	"game-01"	428885
"2013-08-18"	"game-01"	946140
"2013-08-18"	"game-01"	959964
"2013-08-18"	"game-01"	427914
"2013-08-18"	"game-01"	378768
"2013-08-18"	"game-01"	914510
"2013-08-18"	"game-01"	920581
"2013-08-18"	"game-01"	893851
"2013-08-18"	"game-01"	823504
"2013-08-18"	"game-01"	794215
"2013-08-18"	"game-01"	479849
"2013-08-18"	"game-01"	254870
"2013-08-18"	"game-01"	872375
"2013-08-18"	"game-01"	980317
"2013-08-18"	"game-01"	598987
"2013-08-18"	"game-01"	407233
"2013-08-18"	"game-01"	813202
"2013-08-18"	"game-01"	792841
"2013-08-18"	"game-01"	411347
"2013-08-18"	"game-01"	817459
"2013-08-18"	"game-01"	399052
"2013-08-18"	"game-01"	91313
"2013-08-18"	"game-01"	234751
"2013-08-18"	"game-01"	636854
"2013-08-18"	"game-01"	157661
"2013-08-18"	"game-01"	708718
"2013-08-18"	"game-01"	74331
"2013-08-18"	"game-01"	737756
"2013-08-18"	"game-01"	920267
"2013-08-18"	"game-01"	847400
"2013-08-18"	"game-01"	634557
"2013-08-18"	"game-01"	852633
"2013-08-18"	"game-01"	955241
"2013-08-18"	"game-01"	491397
"2013-08-18"	"game-01"	746592
"2013-08-18"	"game-01"	466345
"2013-08-18"	"game-01"	671073
"2013-08-18"	"game-01"	155566
"2013-08-18"	"game-01"	677904
"2013-08-18"	"game-01"	603755
"2013-08-18"	"game-01"	3722
"2013-08-18"	"game-01"	119378
"2013-08-18"	"game-01"	154326
"2013-08-18"	"game-01"	82677
"2013-08-18"	"game-01"	590573
"2013-08-18"	"game-01"	414592
"2013-08-18"	"game-01"	448589
"2013-08-18"	"game-01"	365468
"2013-08-18"	"game-01"	119528
"2013-08-18"	"game-01"	120802
"2013-08-18"	"game-01"	257493
"2013-08-18"	"game-01"	733887
"2013-08-18"	"game-01"	726543
"2013-08-18"	"game-01"	399472
"2013-08-18"	"game-01"	746425
"2013-08-18"	"game-01"	334172
"2013-08-18"	"game-01"	44439
"2013-08-18"	"game-01"	310402
"2013-08-18"	"game-01"	451147
"2013-08-18"	"game-01"	667070
"2013-08-18"	"game-01"	414732
"2013-08-18"	"game-01"	544198
"2013-08-18"	"game-01"	761370
"2013-08-18"	"game-01"	569330
"2013-08-18"	"game-01"	461424
"2013-08-18"	"game-01"	707050
"2013-08-18"	"game-01"	38403
"2013-08-18"	"game-01"	44650
"2013-08-18"	"game-01"	17920
"2013-08-18"	"game-01"	769382
"2013-08-18"	"game-01"	118954
"2013-08-18"	"game-01"	847759
"2013-08-18"	"game-01"	204275
"2013-08-18"	"game-01"	769107
"2013-08-18"	"game-01"	246039
"2013-08-18"	"game-01"	882595
"2013-08-18"	"game-01"	908086
"2013-08-18"	"game-01"	887588
"2013-08-18"	"game-01"	32509
"2013-08-18"	"game-01"	185830
"2013-08-18"	"game-01"	376080
"2013-08-18"	"game-01"	772263
"2013-08-18"	"game-01"	566699
"2013-08-18"	"game-01"	486310
"2013-08-18"	"game-01"	683281
"2013-08-18"	"game-01"	578325
"2013-08-18"	"game-01"	635946
"2013-08-18"	"game-01"	950611
"2013-08-18"	"game-01"	92681
"2013-08-18"	"game-01"	642990
"2013-08-18"	"game-01"	330443
"2013-08-18"	"game-01"	573545
"2013-08-18"	"game-01"	208916
"2013-08-18"	"game-01"	703064
"2013-08-18"	"game-01"	376279
"2013-08-18"	"game-01"	351712
"2013-08-18"	"game-01"	285333
"2013-08-18"	"game-01"	173687
"2013-08-18"	"game-01"	546406
"2013-08-18"	"game-01"	897412
"2013-08-18"	"game-01"	392788
"2013-08-18"	"game-01"	93331
"2013-08-18"	"game-01"	541326
"2013-08-18"	"game-01"	818921
"2013-08-18"	"game-01"	699517
"2013-08-18"	"game-01"	67095
"2013-08-18"	"game-01"	366947
"2013-08-18"	"game-01"	429049
"2013-08-18"	"game-01"	699581
"2013-08-18"	"game-01"	257972
"2013-08-18"	"game-01"	38319
"2013-08-18"	"game-01"	366462
"2013-08-18"	"game-01"	542128
"2013-08-18"	"game-01"	159491
"2013-08-18"	"game-01"	205025
"2013-08-18"	"game-01"	888987
"2013-08-18"	"game-01"	132315
"2013-08-18"	"game-01"	341802
"2013-08-18"	"game-01"	391909
"2013-08-18"	"game-01"	638271
"2013-08-18"	"game-01"	352923
"2013-08-18"	"game-01"	790680
"2013-08-18"	"game-01"	935795
"2013-08-18"	"game-01"	800232
"2013-08-18"	"game-01"	28018
"2013-08-18"	"game-01"	974029
"2013-08-18"	"game-01"	664440
"2013-08-18"	"game-01"	206097
"2013-08-18"	"game-01"	893652
"2013-08-18"	"game-01"	596175
"2013-08-18"	"game-01"	683662
"2013-08-18"	"game-01"	494025
"2013-08-18"	"game-01"	715991
"2013-08-18"	"game-01"	156909
"2013-08-18"	"game-01"	502800
"2013-08-18"	"game-01"	5771
"2013-08-18"	"game-01"	838442
"2013-08-18"	"game-01"	477365
"2013-08-18"	"game-01"	523738
"2013-08-18"	"game-01"	461379
"2013-08-18"	"game-01"	224154
"2013-08-18"	"game-01"	834342
"2013-08-18"	"game-01"	728314
"2013-08-18"	"game-01"	563095
"2013-08-18"	"game-01"	383835
"2013-08-18"	"game-01"	517650
"2013-08-18"	"game-01"	328054
"2013-08-18"	"game-01"	131845
"2013-08-18"	"game-01"	472222
"2013-08-18"	"game-01"	811863
"2013-08-18"	"game-01"	516389
"2013-08-18"	"game-01"	552613
"2013-08-18"	"game-01"	414211
"2013-08-18"	"game-01"	313640
"2013-08-18"	"game-01"	324732
"2013-08-18"	"game-01"	430437
"2013-08-18"	"game-01"	814137
"2013-08-18"	"game-01"	538054
"2013-08-18"	"game-01"	888683
"2013-08-18"	"game-01"	135365
"2013-08-18"	"game-01"	781471
"2013-08-18"	"game-01"	422184
"2013-08-18"	"game-01"	440750
"2013-08-18"	"game-01"	219213
"2013-08-18"	"game-01"	609120
"2013-08-18"	"game-01"	34885
"2013-08-18"	"game-01"	421126
"2013-08-18"	"game-01"	437795
"2013-08-18"	"game-01"	481171
"2013-08-18"	"game-01"	414677
"2013-08-18"	"game-01"	156241
"2013-08-18"	"game-01"	2218
"2013-08-18"	"game-01"	360832
"2013-08-18"	"game-01"	829248
"2013-08-18"	"game-01"	996889
"2013-08-18"	"game-01"	100828
"2013-08-18"	"game-01"	489094
"2013-08-18"	"game-01"	707607
"2013-08-18"	"game-01"	795971
"2013-08-18"	"game-01"	621657
"2013-08-18"	"game-01"	344580
"2013-08-18"	"game-01"	593799
"2013-08-18"	"game-01"	268429
"2013-08-18"	"game-01"	843609
"2013-08-18"	"game-01"	240463
"2013-08-18"	"game-01"	178556
"2013-08-18"	"game-01"	751509
"2013-08-18"	"game-01"	373729
"2013-08-18"	"game-01"	78152
"2013-08-18"	"game-01"	507857
"2013-08-18"	"game-01"	404798
"2013-08-18"	"game-01"	139834
"2013-08-18"	"game-01"	378940
"2013-08-18"	"game-01"	730413
"2013-08-18"	"game-01"	821048
"2013-08-18"	"game-01"	949147
"2013-08-18"	"game-01"	161726
"2013-08-18"	"game-01"	103851
"2013-08-18"	"game-01"	663686
"2013-08-18"	"game-01"	435090
"2013-08-18"	"game-01"	796239
"2013-08-18"	"game-01"	201116
"2013-08-18"	"game-01"	639637
"2013-08-18"	"game-01"	297205
"2013-08-18"	"game-01"	336263
"2013-08-18"	"game-01"	608909
"2013-08-18"	"game-01"	661723
"2013-08-18"	"game-01"	721977
"2013-08-18"	"game-01"	990686
"2013-08-18"	"game-01"	724693
"2013-08-18"	"game-01"	811656
"2013-08-18"	"game-01"	4047
"2013-08-18"	"game-01"	324789
"2013-08-18"	"game-01"	931728
"2013-08-18"	"game-01"	242411
"2013-08-18"	"game-01"	199414
"2013-08-18"	"game-01"	286688
"2013-08-18"	"game-01"	512768
"2013-08-18"	"game-01"	307495
"2013-08-18"	"game-01"	644799
"2013-08-18"	"game-01"	591467
"2013-08-18"	"game-01"	206305
"2013-08-18"	"game-01"	302268
"2013-08-18"	"game-01"	948792
"2013-08-18"	"game-01"	753520
"2013-08-18"	"game-01"	677333
"2013-08-18"	"game-01"	412960
"2013-08-18"	"game-01"	743595
"2013-08-18"	"game-01"	579702
"2013-08-18"	"game-01"	421847
"2013-08-18"	"game-01"	659874
"2013-08-18"	"game-01"	499459
"2013-08-18"	"game-01"	708398
"2013-08-18"	"game-01"	85125
"2013-08-18"	"game-01"	51832
"2013-08-18"	"game-01"	647037
"2013-08-18"	"game-01"	162791
"2013-08-18"	"game-01"	763304
"2013-08-18"	"game-01"	133807
"2013-08-18"	"game-01"	538047
"2013-08-18"	"game-01"	820197
"2013-08-18"	"game-01"	916767
"2013-08-18"	"game-01"	217227
"2013-08-18"	"game-01"	746724
"2013-08-18"	"game-01"	811202
"2013-08-18"	"game-01"	55627
"2013-08-18"	"game-01"	394288
"2013-08-18"	"game-01"	802783
"2013-08-18"	"game-01"	309659
"2013-08-18"	"game-01"	432726
"2013-08-18"	"game-01"	366830
"2013-08-18"	"game-01"	424606
"2013-08-18"	"game-01"	923232
"2013-08-18"	"game-01"	67137
"2013-08-18"	"game-01"	363049
"2013-08-18"	"game-01"	868826
"2013-08-18"	"game-01"	295383
"2013-08-18"	"game-01"	472779
"2013-08-18"	"game-01"	527048
"2013-08-18"	"game-01"	125284
"2013-08-18"	"game-01"	934247
"2013-08-18"	"game-01"	187875
"2013-08-18"	"game-01"	513777
"2013-08-18"	"game-01"	358690
"2013-08-18"	"game-01"	215826
"2013-08-18"	"game-01"	975911
"2013-08-18"	"game-01"	737829
"2013-08-18"	"game-01"	389602
"2013-08-18"	"game-01"	935858
"2013-08-18"	"game-01"	509660
"2013-08-18"	"game-01"	576153
"2013-08-18"	"game-01"	206936
"2013-08-18"	"game-01"	287465
"2013-08-18"	"game-01"	211199
"2013-08-18"	"game-01"	973377
"2013-08-18"	"game-01"	655094
"2013-08-18"	"game-01"	959517
"2013-08-18"	"game-01"	204644
"2013-08-18"	"game-01"	216866
"2013-08-18"	"game-01"	109795
"2013-08-18"	"game-01"	861281
"2013-08-18"	"game-01"	118662
"2013-08-18"	"game-01"	512589
"2013-08-18"	"game-01"	475428
"2013-08-18"	"game-01"	272350
"2013-08-18"	"game-01"	854190
"2013-08-18"	"game-01"	453994
"2013-08-18"	"game-01"	11595
"2013-08-18"	"game-01"	636228
"2013-08-18"	"game-01"	115347
"2013-08-18"	"game-01"	997775
"2013-08-18"	"game-01"	859268
"2013-08-18"	"game-01"	392428
"2013-08-18"	"game-01"	946825
"2013-08-18"	"game-01"	247367
"2013-08-18"	"game-01"	972051
"2013-08-18"	"game-01"	700057
"2013-08-18"	"game-01"	808496
"2013-08-18"	"game-01"	889123
"2013-08-18"	"game-01"	496151
"2013-08-18"	"game-01"	17082
"2013-08-18"	"game-01"	966836
"2013-08-18"	"game-01"	541696
"2013-08-18"	"game-01"	697650
"2013-08-18"	"game-01"	875400
"2013-08-18"	"game-01"	540060
"2013-08-18"	"game-01"	739092
"2013-08-18"	"game-01"	791898
"2013-08-18"	"game-01"	918669
"2013-08-18"	"game-01"	815701
"2013-08-18"	"game-01"	753951
"2013-08-18"	"game-01"	527621
"2013-08-18"	"game-01"	435782
"2013-08-18"	"game-01"	174589
"2013-08-18"	"game-01"	952760
"2013-08-18"	"game-01"	846579
"2013-08-18"	"game-01"	181380
"2013-08-18"	"game-01"	24929
"2013-08-18"	"game-01"	262777
"2013-08-18"	"game-01"	966825
"2013-08-18"	"game-01"	390327
"2013-08-18"	"game-01"	893440
"2013-08-18"	"game-01"	285431
"2013-08-18"	"game-01"	480624
"2013-08-18"	"game-01"	928935
"2013-08-18"	"game-01"	972083
"2013-08-18"	"game-01"	621268
"2013-08-18"	"game-01"	356155
"2013-08-18"	"game-01"	925960
"2013-08-18"	"game-01"	19466
"2013-08-18"	"game-01"	552983
"2013-08-18"	"game-01"	273823
"2013-08-18"	"game-01"	632374
"2013-08-18"	"game-01"	50230
"2013-08-18"	"game-01"	234317
"2013-08-18"	"game-01"	923021
"2013-08-18"	"game-01"	252210
"2013-08-18"	"game-01"	210993
"2013-08-18"	"game-01"	405615
"2013-08-18"	"game-01"	739770
"2013-08-18"	"game-01"	824650
"2013-08-18"	"game-01"	88884
"2013-08-18"	"game-01"	390079
"2013-08-18"	"game-01"	346572
"2013-08-18"	"game-01"	495239
"2013-08-18"	"game-01"	447351
"2013-08-18"	"game-01"	219388
"2013-08-18"	"game-01"	85454
"2013-08-18"	"game-01"	924261
"2013-08-18"	"game-01"	943272
"2013-08-18"	"game-01"	109081
"2013-08-18"	"game-01"	942343
"2013-08-18"	"game-01"	580817
"2013-08-18"	"game-01"	105479
"2013-08-18"	"game-01"	463236
"2013-08-18"	"game-01"	187592
"2013-08-18"	"game-01"	150245
"2013-08-18"	"game-01"	541704
"2013-08-18"	"game-01"	363025
"2013-08-18"	"game-01"	835003
"2013-08-18"	"game-01"	161021
"2013-08-18"	"game-01"	616968
"2013-08-18"	"game-01"	446404
"2013-08-18"	"game-01"	370707
"2013-08-18"	"game-01"	919697
"2013-08-18"	"game-01"	965767
"2013-08-18"	"game-01"	557400
"2013-08-18"	"game-01"	810264
"2013-08-18"	"game-01"	997083
"2013-08-18"	"game-01"	835622
"2013-08-18"	"game-01"	133230
"2013-08-18"	"game-01"	818742
"2013-08-18"	"game-01"	599595
"2013-08-18"	"game-01"	410831
"2013-08-18"	"game-01"	486981
"2013-08-18"	"game-01"	897674
"2013-08-18"	"game-01"	799073
"2013-08-18"	"game-01"	211091
"2013-08-18"	"game-01"	483881
"2013-08-18"	"game-01"	774916
"2013-08-18"	"game-01"	583637
"2013-08-18"	"game-01"	573315
"2013-08-18"	"game-01"	819674
"2013-08-18"	"game-01"	867888
"2013-08-18"	"game-01"	87609
"2013-08-18"	"game-01"	477763
"2013-08-18"	"game-01"	190477
"2013-08-18"	"game-01"	909656
"2013-08-18"	"game-01"	479979
"2013-08-18"	"game-01"	499011
"2013-08-18"	"game-01"	871311
"2013-08-18"	"game-01"	806170
"2013-08-18"	"game-01"	359631
"2013-08-18"	"game-01"	955298
"2013-08-18"	"game-01"	312492
"2013-08-18"	"game-01"	631270
"2013-08-18"	"game-01"	183892
"2013-08-18"	"game-01"	60723
"2013-08-18"	"game-01"	946661
"2013-08-18"	"game-01"	5241
"2013-08-18"	"game-01"	10402
"2013-08-18"	"game-01"	660057
"2013-08-18"	"game-01"	575293
"2013-08-18"	"game-01"	396804
"2013-08-18"	"game-01"	52670
"2013-08-18"	"game-01"	908550
"2013-08-18"	"game-01"	211735
"2013-08-18"	"game-01"	692538
"2013-08-18"	"game-01"	908128
"2013-08-18"	"game-01"	209236
"2013-08-18"	"game-01"	238364
"2013-08-18"	"game-01"	803107
"2013-08-18"	"game-01"	554881
"2013-08-18"	"game-01"	730479
"2013-08-18"	"game-01"	84187
"2013-08-18"	"game-01"	838000
"2013-08-18"	"game-01"	647822
"2013-08-18"	"game-01"	341839
"2013-08-18"	"game-01"	784341
"2013-08-18"	"game-01"	678723
"2013-08-18"	"game-01"	934605
"2013-08-18"	"game-01"	185763
"2013-08-18"	"game-01"	535582
"2013-08-18"	"game-01"	492146
"2013-08-18"	"game-01"	232598
"2013-08-18"	"game-01"	898073
"2013-08-18"	"game-01"	322309
"2013-08-18"	"game-01"	753493
"2013-08-18"	"game-01"	437972
"2013-08-18"	"game-01"	230592
"2013-08-18"	"game-01"	124865
"2013-08-18"	"game-01"	823385
"2013-08-18"	"game-01"	349067
"2013-08-18"	"game-01"	168122
"2013-08-18"	"game-01"	216927
"2013-08-18"	"game-01"	302830
"2013-08-18"	"game-01"	455125
"2013-08-18"	"game-01"	844091
"2013-08-18"	"game-01"	543501
"2013-08-18"	"game-01"	342655
"2013-08-18"	"game-01"	31151
"2013-08-18"	"game-01"	788138
"2013-08-18"	"game-01"	864804
"2013-08-18"	"game-01"	60780
"2013-08-18"	"game-01"	942170
"2013-08-18"	"game-01"	568163
"2013-08-18"	"game-01"	958011
"2013-08-18"	"game-01"	835121
"2013-08-18"	"game-01"	48522
"2013-08-18"	"game-01"	143798
"2013-08-18"	"game-01"	521809
"2013-08-18"	"game-01"	855373
"2013-08-18"	"game-01"	207140
"2013-08-18"	"game-01"	362338
"2013-08-18"	"game-01"	915520
"2013-08-18"	"game-01"	564277
"2013-08-18"	"game-01"	689019
"2013-08-18"	"game-01"	188152
"2013-08-18"	"game-01"	633299
"2013-08-18"	"game-01"	99269
"2013-08-18"	"game-01"	150971
"2013-08-18"	"game-01"	914276
"2013-08-18"	"game-01"	602090
"2013-08-18"	"game-01"	6139
"2013-08-18"	"game-01"	984756
"2013-08-18"	"game-01"	421923
"2013-08-18"	"game-01"	263317
"2013-08-18"	"game-01"	638684
"2013-08-18"	"game-01"	672826
"2013-08-18"	"game-01"	164600
"2013-08-18"	"game-01"	908158
"2013-08-18"	"game-01"	319610
"2013-08-18"	"game-01"	449579
"2013-08-18"	"game-01"	546748
"2013-08-18"	"game-01"	443698
"2013-08-18"	"game-01"	899819
"2013-08-18"	"game-01"	435243
"2013-08-18"	"game-01"	341624
"2013-08-18"	"game-01"	881967
"2013-08-18"	"game-01"	846339
"2013-08-18"	"game-01"	549027
"2013-08-18"	"game-01"	482271
"2013-08-18"	"game-01"	832571
"2013-08-18"	"game-01"	421190
"2013-08-18"	"game-01"	490682
"2013-08-18"	"game-01"	486261
"2013-08-18"	"game-01"	672377
"2013-08-18"	"game-01"	908188
"2013-08-18"	"game-01"	411692
"2013-08-18"	"game-01"	747051
"2013-08-18"	"game-01"	32082
"2013-08-18"	"game-01"	12884
"2013-08-18"	"game-01"	283800
"2013-08-18"	"game-01"	783204
"2013-08-18"	"game-01"	125634
"2013-08-18"	"game-01"	252204
"2013-08-18"	"game-01"	438189
"2013-08-18"	"game-01"	503790
"2013-08-18"	"game-01"	735985
"2013-08-18"	"game-01"	951653
"2013-08-18"	"game-01"	742313
"2013-08-18"	"game-01"	181032
"2013-08-18"	"game-01"	776799
"2013-08-18"	"game-01"	180607
"2013-08-18"	"game-01"	916641
"2013-08-18"	"game-01"	228461
"2013-08-18"	"game-01"	26623
"2013-08-18"	"game-01"	560704
"2013-08-18"	"game-01"	49467
"2013-08-18"	"game-01"	745892
"2013-08-18"	"game-01"	537160
"2013-08-18"	"game-01"	387255
"2013-08-18"	"game-01"	178798
"2013-08-18"	"game-01"	332773
